 -1.262958860855043 -1.2629586922900242 -1.2629578094788092 -1.2629552134573363 -1.262949448386462 -1.2629385872342944 -1.2629202126280614 -1.2628913925292066 -1.262848650285739 -1.2627879285127865 -1.2627045461458077 -1.2625931479064271 -1.2624476453273094 -1.2622611484157928 -1.2620258870192375 -1.261733121023192 -1.2613730387145334 -1.2609346430434211 -1.2604056262084772 -1.2597722340827446 -1.2590191236350016 -1.258129218846438 -1.257083573858715 -1.2558612563971256 -1.2544392700387896 -1.2527925407048552 -1.250894000750694 -1.2487148128528036 -1.246224784802674 -1.2433930340525563 -1.2401889655106761 -1.2365836250542074 -1.2325514813000433 -1.228072665813038 -1.2231356638960446 -1.2177403924009422 -1.2119015281514067 -1.2056518650025194 -1.199045388716341 -1.1921596814218651 -1.185097220281265 -1.1779851380414381 -1.1709730827523898 -1.1642289572965835 -1.1579325298586184 -1.1522671615460693 -1.1474101605453566 -1.1435224977428297 -1.1407387451722521 -1.1391577618987487 -1.1242276682623695 -1.0493758310142553 -0.8620209808024564 -0.511806594439626 -0.1362228689772332 -5.4234622968767744E-3 1.2055600569190935E-5 1.4677596002912552E-8 1.1061145693010915E-12 3.3207941685781474E-18 -1.0631434678523296E-24 -1.0165116175767466E-31 -4.759624334859729E-40 -3.8588224204025224E-49 -1.5958984853082724E-58 -9.976545126347011E-68 -2.38650995714469E-76 -5.087648118143212E-84 -3.1237584424623432E-89 -9.261803409343893E-93
 -1.2629586922900242 -1.2629585237254541 -1.2629576409165985 -1.2629550449020587 -1.2629492798465722 -1.2629384187233965 -1.2629200441661934 -1.2628912241442162 -1.2628484820146954 -1.2627877604034816 -1.2627043782583362 -1.262592980314845 -1.2624474781214 -1.2622609817028656 -1.2620257209260807 -1.2617329556980261 -1.2613728743290357 -1.2609344797947734 -1.2604054643213897 -1.2597720738113988 -1.2590189652648706 -1.2581290626958572 -1.2570834202801455 -1.255861105777916 -1.2544391228013664 -1.2527923973061008 -1.25089386168029 -1.248714678630391 -1.246224655973539 -1.2433929111815851 -1.2401888491744244 -1.2365835158308713 -1.2325513797571794 -1.2280725724931467 -1.2231355793000728 -1.217740316970075 -1.2119014622477177 -1.2056518088892027 -1.1990453425385192 -1.192159645189065 -1.18509719385272 -1.1779851211153611 -1.1709730748601265 -1.1642289578022797 -1.157932537964688 -1.1522671763042662 -1.1474101808729733 -1.143522522443204 -1.1407387729587288 -1.1391577914215715 -1.124227713627401 -1.0493759433934988 -0.8620212005518145 -0.5118068684656228 -0.13622301155955851 -5.42347393432862E-3 1.2055596859910485E-5 1.4677621672985887E-8 1.1061172716656292E-12 3.3208117626597027E-18 -1.0631383277264723E-24 -1.0165110280157357E-31 -4.759625149941704E-40 -3.858824367990693E-49 -1.595899598232209E-58 -9.976553340621515E-68 -2.3865121274181502E-76 -5.087653589954178E-84 -3.1237605657956376E-89 -9.261814890590951E-93
 -1.2629578094788092 -1.2629576409165985 -1.262956758120081 -1.2629541621418383 -1.2629483971669535 -1.2629375361955981 -1.2629191618951884 -1.26289034227583 -1.2628476007430586 -1.262786879978893 -1.2627034989955232 -1.2625921026016682 -1.262446602428027 -1.2622601085913573 -1.2620248510604115 -1.2617320898544428 -1.2613720134066488 -1.260933624826271 -1.2604046164836102 -1.2597712344355573 -1.2590181358460157 -1.2581282449011743 -1.2570826159554886 -1.2558603169519433 -1.2544383516864172 -1.2527916462948816 -1.250893133337383 -1.2487139756772513 -1.2462239812658804 -1.2433922676778486 -1.2401882398941588 -1.23658294380214 -1.2325508479524147 -1.2280720837535152 -1.2231351362491005 -1.2177399219183426 -1.2119011170914597 -1.2056515150068345 -1.199045100690071 -1.1921594554244236 -1.185097055434677 -1.177985032463413 -1.1709730335198382 -1.1642289604435911 -1.1579325804104876 -1.152267253588431 -1.1474102873251772 -1.143522651796341 -1.1407389184743095 -1.1391579460307286 -1.12422795120501 -1.0493765319366741 -0.8620223514125476 -0.5118083035860479 -0.13622375828918922 -5.423534881980145E-3 1.2055577432783443E-5 1.4677756112149863E-8 1.1061314244923042E-12 3.3209039065814955E-18 -1.0631114077124834E-24 -1.016507940310582E-31 -4.7596294184940914E-40 -3.858834567765792E-49 -1.5959054267879083E-58 -9.97659636013336E-68 -2.3865234935094626E-76 -5.087682246804354E-84 -3.123771686009713E-89 -9.261875019998573E-93
 -1.2629552134573363 -1.262955044902059 -1.2629541621418383 -1.2629515662703245 -1.2629458015324472 -1.2629349410075423 -1.2629165674622393 -1.2628877490267806 -1.26284500924879 -1.2627842909754074 -1.2627009134082942 -1.262589521571231 -1.2624440273369064 -1.2622575410923204 -1.2620222931059148 -1.2617295437270692 -1.2613694817502847 -1.260931110677568 -1.260402123303133 -1.2597687661377885 -1.2590156968272334 -1.2581258400638044 -1.2570802507273677 -1.255857997298419 -1.2544360841129615 -1.2527894378374184 -1.250890991537161 -1.248711908536859 -1.2462219971827028 -1.243390375351316 -1.240186448203422 -1.2365812616513724 -1.2325492840822576 -1.2280706465185722 -1.2231338333640171 -1.2177387601775317 -1.2119001020709416 -1.2056506507599218 -1.1990443894517548 -1.1921588973414145 -1.18509664833923 -1.1779847717079998 -1.1709729118870855 -1.1642289681413127 -1.1579327051556747 -1.1522674807779305 -1.1474106002850543 -1.1435230320978124 -1.1407393463024404 -1.1391584005990671 -1.1242286497472606 -1.049378262516744 -0.8620257355336799 -0.5118125236222217 -0.1362259540998795 -5.423714104702027E-3 1.2055520296729888E-5 1.4678151442927538E-8 1.1061730423639565E-12 3.3211748671769132E-18 -1.0630322452170254E-24 -1.0164988600495605E-31 -4.759641968715687E-40 -3.858864559952969E-49 -1.5959225657732204E-58 -9.976722860642432E-68 -2.3865569160384605E-76 -5.087766514067871E-84 -3.1238043851010694E-89 -9.262051834955887E-93
 -1.262949448386462 -1.2629492798465722 -1.2629483971669535 -1.2629458015324472 -1.262940037320865 -1.2629291777873334 -1.2629108059188094 -1.2628819901122998 -1.2628392542309221 -1.2627785414885341 -1.262695171507484 -1.262583789789132 -1.2624383087435262 -1.2622518393577795 -1.262016612565776 -1.261723889449992 -1.2613638596072362 -1.260925527411693 -1.260396586598868 -1.2597632846875785 -1.2590102803933544 -1.2581204995325125 -1.2570749981516144 -1.2558528459247748 -1.254431048387375 -1.2527845333837486 -1.2508862351014111 -1.2487073178894927 -1.246217590970867 -1.2433861728929094 -1.240182469215416 -1.23657752590639 -1.2325458109897324 -1.2280674546307965 -1.2231309398121867 -1.217736180049438 -1.211897847748843 -1.205648731244811 -1.1990428097068221 -1.1921576576926877 -1.185095743973247 -1.177984192304679 -1.170972641419758 -1.1642289848655951 -1.1579329817960306 -1.152267984906678 -1.1474112948760546 -1.143523876228027 -1.1407402959707411 -1.1391594096468988 -1.1242302005659934 -1.0493821050976388 -0.862033250043704 -0.5118218945424229 -0.13623083016851295 -5.424112100967799E-3 1.205539336982002E-5 1.4679029339805575E-8 1.1062654626273802E-12 3.321776595041607E-18 -1.0628564427863893E-24 -1.0164786927502557E-31 -4.759669828664294E-40 -3.858931156157614E-49 -1.595960623456213E-58 -9.977003763304835E-68 -2.38663113351613E-76 -5.087953638815658E-84 -3.1238769938630507E-89 -9.262444475617545E-93
 -1.2629385872342944 -1.2629384187233965 -1.2629375361955981 -1.2629349410075423 -1.2629291777873334 -1.2629183201212612 -1.2628999514112733 -1.2628711405569172 -1.262828412015583 -1.26276770969192 -1.2626843540007381 -1.2625729913429684 -1.262427535140951 -1.2622410975121727 -1.2620059106440464 -1.2617132369999632 -1.26135326768806 -1.2609150087254081 -1.2603861556206934 -1.259752957791459 -1.259000075968542 -1.2581104380854675 -1.257065102386564 -1.2558431407943395 -1.254421561103521 -1.2527752933772913 -1.250877273916996 -1.2486986690015844 -1.2462092895054281 -1.2433782552394598 -1.2401749725153203 -1.2365704874058902 -1.2325392672510537 -1.2280614406016432 -1.2231254877634671 -1.2177313184029348 -1.2118935998299926 -1.2056451140097441 -1.1990398325056708 -1.1921553211404403 -1.1850940390034911 -1.1779830994779856 -1.1709721305469054 -1.1642290149865932 -1.1579335015314928 -1.1522689331717075 -1.1474126019232815 -1.1435254649691202 -1.1407420835188841 -1.1391613090510916 -1.1242331205313131 -1.0493893422034854 -0.8620474043699917 -0.5118395465147809 -0.13624001557549916 -5.424861873437426E-3 1.2055154083831446E-5 1.4680683158631152E-8 1.1064395713350547E-12 3.322910212783375E-18 -1.0625252246733925E-24 -1.0164406891772398E-31 -4.7597222753984014E-40 -3.859056589012143E-49 -1.596032309693477E-58 -9.97753289273002E-68 -2.386770937262599E-76 -5.088306135223323E-84 -3.124013758789251E-89 -9.263184126135227E-93
 -1.2629202126280614 -1.2629200441661934 -1.2629191618951884 -1.2629165674622393 -1.2629108059188094 -1.2628999514112733 -1.262881588043528 -1.2628527855650686 -1.2628100694384103 -1.2627493847365938 -1.2626660532147648 -1.2625547227953808 -1.2624093086129046 -1.2622229246967051 -1.2619878053543875 -1.261695215384978 -1.261335348452808 -1.2608972133537075 -1.2603685085954461 -1.2597354868070687 -1.2589828121280055 -1.2580934160728698 -1.257048360603197 -1.2558267214444893 -1.2544055102129081 -1.252759660724632 -1.2508621128564336 -1.2486840361514468 -1.2461952442775268 -1.2433648591829691 -1.2401622884512917 -1.2365585783330614 -1.2325281950115114 -1.2280512643070082 -1.2231162619981934 -1.2177230912413736 -1.2118864107268645 -1.2056389916470031 -1.1990347927006108 -1.1921513649357975 -1.1850911510667603 -1.177981246931471 -1.170971262330253 -1.1642290618211952 -1.1579343765146021 -1.1522705329838753 -1.1474148085925104 -1.143528148106106 -1.140745102926032 -1.1391645176561493 -1.1242380553596715 -1.0494015793361095 -0.8620713422644041 -0.5118694023675656 -0.1362555525187394 -5.426130211904499E-3 1.2054748787376938E-5 1.4683480741382494E-8 1.106734102384205E-12 3.324828000217133E-18 -1.0619648379989892E-24 -1.016376368313492E-31 -4.7598108837081674E-40 -3.85926869897088E-49 -1.5961535483579694E-58 -9.978427823540702E-68 -2.387007397376445E-76 -5.088902363892994E-84 -3.1242450539172995E-89 -9.264435244746432E-93
 -1.2628913925292064 -1.2628912241442162 -1.26289034227583 -1.2628877490267806 -1.2628819901122998 -1.2628711405569172 -1.2628527855650686 -1.2628239962188307 -1.2627812995566833 -1.2627206424834844 -1.262637348855844 -1.2625260689817947 -1.262380720680146 -1.2621944209778712 -1.261959407506725 -1.2616669487277194 -1.2613072423129665 -1.2608693014150407 -1.2603408292439097 -1.259708083463863 -1.2589557335586556 -1.258066716657625 -1.2570221005505661 -1.255800966925722 -1.2543803333909775 -1.2527351396470103 -1.2508383311767123 -1.2486610826414545 -1.2461732120893775 -1.2433438448204641 -1.240142390413002 -1.2365398953968065 -1.2325108241424032 -1.2280352981898254 -1.2231017862203621 -1.2177101811839647 -1.2118751282568251 -1.2056293817411265 -1.1990268801654213 -1.1921451514126213 -1.1850866125216603 -1.1779783318204115 -1.1709698905992018 -1.1642291248498786 -1.1579357380477357 -1.1522730310240492 -1.1474182581662253 -1.1435323447685115 -1.1407498268519284 -1.1391695382401314 -1.1242457826340772 -1.0494207567525732 -0.8621088679622705 -0.5119162120895546 -0.1362799150315973 -5.428119298971303E-3 1.2054111878447057E-5 1.4687867910361946E-8 1.107196012687998E-12 3.3278359081321762E-18 -1.0610857826646525E-24 -1.0162754132471836E-31 -4.759949560762537E-40 -3.8596011502148024E-49 -1.596343611473955E-58 -9.979830902092567E-68 -2.387378137035883E-76 -5.089837241592957E-84 -3.1246076317165433E-89 -9.266397080471016E-93
 -1.262848650285739 -1.2628484820146954 -1.2628476007430586 -1.26284500924879 -1.2628392542309221 -1.262828412015583 -1.2628100694384103 -1.2627812995566831 -1.2627386317446738 -1.2626780156224086 -1.26259477816128 -1.262483573205174 -1.262338322551653 -1.2621521476707213 -1.2619172911212122 -1.261625026791936 -1.2612655582953538 -1.2608279052416586 -1.2602997778105016 -1.259667441129534 -1.258915572604012 -1.2580271176856572 -1.2569831528032178 -1.2557627684832901 -1.2543429912152117 -1.2526987694223008 -1.2508030568976225 -1.2486270358897333 -1.2461405309403663 -1.2433126723186125 -1.2401128725608627 -1.2365121786123911 -1.232485052158483 -1.2280116083965224 -1.223080305489561 -1.2176910212608882 -1.2118583808569207 -1.2056151135454775 -1.1990151279582004 -1.1921359176411454 -1.185079861574892 -1.177973987308346 -1.1709678338697306 -1.1642291949045526 -1.1579377329213151 -1.152276710589868 -1.1474233482359292 -1.143538542287368 -1.1407568059633934 -1.1391769571054288 -1.1242572138115622 -1.04944916181116 -0.8621644756944127 -0.5119855928588372 -0.1363160311271805 -5.431068651335789E-3 1.2053164574212236E-5 1.469437266846305E-8 1.107880936943007E-12 3.3322966414339843E-18 -1.0597818492729794E-24 -1.0161255336924575E-31 -4.760154548339531E-40 -3.8600936647674873E-49 -1.596625271490776E-58 -9.981910424852212E-68 -2.3879276513201374E-76 -5.091223076294824E-84 -3.1251449049659547E-89 -9.269305472467839E-93
 -1.2627879285127865 -1.2627877604034816 -1.262786879978893 -1.2627842909754074 -1.2627785414885341 -1.26276770969192 -1.2627493847365938 -1.2627206424834844 -1.2626780156224086 -1.262617457627369 -1.262534299891034 -1.2624232012762 -1.2622780892280482 -1.2620920915232276 -1.2618574577142551 -1.2615654693944684 -1.2612063386083967 -1.26076909413257 -1.2602414560398711 -1.2596097000520334 -1.2588585148188118 -1.2579708576055568 -1.25692781710415 -1.2557084963876021 -1.2542899345530185 -1.252647092406335 -1.2507529355380657 -1.248578656968312 -1.246094090458372 -1.2432683733333576 -1.2400709223314281 -1.2364727849907453 -1.2324484191883864 -1.2279779311219132 -1.2230497640273747 -1.2176637742591016 -1.2118345585339564 -1.2055948105853357 -1.1989983966067592 -1.1921227614020177 -1.1850702299249145 -1.177967771833548 -1.1709648661580258 -1.1642292464242538 -1.1579405169779912 -1.1522818863076198 -1.1474305263769293 -1.1435472926272258 -1.1407666659013624 -1.1391874413471434 -1.1242733942488052 -1.0494894408458033 -0.8622433815095901 -0.5120840738963699 -0.13636730824675807 -5.435257411687308E-3 1.2051813198565954E-5 1.4703610123286446E-8 1.108853726220741E-12 3.3386333620913353E-18 -1.0579289388432563E-24 -1.015912287059811E-31 -4.76044436866024E-40 -3.860792260345223E-49 -1.597024966883552E-58 -9.984861948112891E-68 -2.3887076652619397E-76 -5.0931905200178674E-84 -3.1259072488158572E-89 -9.273434925181273E-93
 -1.2627045461458077 -1.2627043782583362 -1.2627034989955232 -1.2627009134082942 -1.262695171507484 -1.2626843540007381 -1.2626660532147648 -1.262637348855844 -1.26259477816128 -1.262534299891034 -1.2624512515017778 -1.2623402987400904 -1.2621953767972005 -1.2620096220997372 -1.2617752937925945 -1.2614836840364158 -1.2611250164410281 -1.2606883323554176 -1.2601613654220475 -1.2595304058936056 -1.2587801578431121 -1.2578935947400182 -1.2568518220971676 -1.2556339601973476 -1.2542170654321402 -1.2525761155935772 -1.2506840924562703 -1.2485122038179283 -1.246030296089476 -1.2432075162788314 -1.2400132868927631 -1.2364186562886763 -1.2323980771267306 -1.2279316432668563 -1.2230077774774557 -1.2176263066714692 -1.2118017885758847 -1.2055668681870086 -1.1989753534895122 -1.1921046224281612 -1.185056925845651 -1.1779591539850233 -1.17096070356689 -1.1642292256374882 -1.1579442447442398 -1.152288895036395 -1.1474402821206748 -1.1435592051990635 -1.1407801006881168 -1.139201732595009 -1.1242955000106946 -1.0495446092287794 -0.8623515560399706 -0.512219145193394 -0.13643766182709746 -5.44100700792263E-3 1.2049946835084333E-5 1.4716288152410546E-8 1.1101890752178221E-12 3.3473340726604405E-18 -1.0553836318905032E-24 -1.0156188478643654E-31 -4.7608396829967565E-40 -3.861749473021725E-49 -1.5975729746941207E-58 -9.988909694943636E-68 -2.3897775239113236E-76 -5.095889628753899E-84 -3.126952308761794E-89 -9.279100948085898E-93
 -1.2625931479064271 -1.262592980314845 -1.2625921026016682 -1.262589521571231 -1.262583789789132 -1.2625729913429684 -1.2625547227953808 -1.262526068981795 -1.262483573205174 -1.2624232012762 -1.2623402987400904 -1.2622295405254004 -1.2620848721555708 -1.2618994415951525 -1.2616655207840461 -1.2613744159784356 -1.261016366214959 -1.260580429613004 -1.2600543579156593 -1.2594244607588875 -1.258675462789499 -1.2577903590927437 -1.2567502776206014 -1.2555343616143335 -1.2541196905376721 -1.2524812648444536 -1.2505920879023022 -1.2484233872270156 -1.2459450261102995 -1.2431261644847122 -1.23993623256164 -1.2363462798021576 -1.2323307519190607 -1.2278697263267408 -1.2229515985028167 -1.2175761560978106 -1.211757904836921 -1.2055294247091203 -1.1989444460521916 -1.1920802576195002 -1.1850390113817257 -1.1779474916275305 -1.1709549852550202 -1.1642290332545401 -1.157949053689357 -1.1522980815039993 -1.1474531337478346 -1.143574934564619 -1.1407978610761748 -1.1392206357255052 -1.1243248299147146 -1.0496180579233425 -0.8624957564435272 -0.51239930884792 -0.13653154671470316 -5.44868419746256E-3 1.2047434153757423E-5 1.4733213824395461E-8 1.1119722434991825E-12 3.3589567520903072E-18 -1.0519814674061719E-24 -1.015225712757117E-31 -4.7613630239354155E-40 -3.863024540293066E-49 -1.598303581642134E-58 -9.994308014034578E-68 -2.3912046046910613E-76 -5.099491014404732E-84 -3.128345295914452E-89 -9.28666264269647E-93
 -1.2624476453273094 -1.2624474781214 -1.2624466024280271 -1.2624440273369064 -1.2624383087435262 -1.262427535140951 -1.2624093086129046 -1.262380720680146 -1.262338322551653 -1.2622780892280482 -1.2621953767972005 -1.2620848721555708 -1.261940534293722 -1.2617555262149506 -1.2615221365365378 -1.2612316898872544 -1.2608744454117761 -1.2604394830890095 -1.259914578255789 -1.259286065814066 -1.2585386972290322 -1.257655495763229 -1.2566176186199957 -1.2554042389700086 -1.2539924663559518 -1.2523573307772912 -1.2504718637559752 -1.2483073185202093 -1.2458335803779578 -1.243019826123439 -1.239835496027716 -1.2362516410090735 -1.2322426977444507 -1.227788722232078 -1.222878074395961 -1.2175104907259053 -1.211700409176586 -1.2054803250076742 -1.198903867343895 -1.192048208667108 -1.1850153720462057 -1.1779320036237566 -1.170947247097392 -1.164228499941733 -1.1579550413516477 -1.152309776887206 -1.1474696080918638 -1.1435951612043555 -1.1408207359989706 -1.1392450006974117 -1.1243627909042175 -1.0497135544054381 -0.8626835552739143 -0.5126341313508286 -0.13665399103793751 -5.4587045145117994E-3 1.204411917290295E-5 1.4755300584178968E-8 1.1142998763847715E-12 3.374135326753E-18 -1.0475348844152404E-24 -1.0147103255367697E-31 -4.762038352197123E-40 -3.8646835133675234E-49 -1.5992552429533707E-58 -1.00013428308424E-67 -2.393064739115194E-76 -5.1041870679204615E-84 -3.1301592455332304E-89 -9.296525511008146E-93
 -1.2622611484157928 -1.2622609817028656 -1.2622601085913573 -1.2622575410923204 -1.2622518393577795 -1.2622410975121727 -1.2622229246967051 -1.2621944209778712 -1.2621521476707213 -1.2620920915232276 -1.2620096220997372 -1.2618994415951525 -1.2617555262149506 -1.2615710581864865 -1.2613383474458486 -1.2610487421078655 -1.2606925270219904 -1.2602588101112586 -1.259735396874047 -1.2591086545122904 -1.2583633687765483 -1.2574825989530535 -1.256447539643369 -1.255237402285036 -1.253829334880942 -1.2521984052115904 -1.2503176808043572 -1.2481584477745768 -1.2456906195957926 -1.242883394642032 -1.2397062260720843 -1.2361301666978288 -1.2321296416777332 -1.2276846796654765 -1.222783595166201 -1.2174260592950525 -1.211626423391555 -1.2054170744100904 -1.1988515120837892 -1.1920067602355135 -1.1849846771094363 -1.1779117321849417 -1.1709368860146542 -1.16422735250712 -1.157962233218281 -1.152324268185656 -1.147490211172072 -1.1436205631444695 -1.1408495249022372 -1.1392756952805778 -1.1244108744386271 -1.0498352353460977 -0.8629233634510083 -0.5129342946725501 -0.13681063199270895 -5.471536136600081E-3 1.2039815662082301E-5 1.478357620107335E-8 1.1172809311394172E-12 3.393586570574315E-18 -1.0418307701792622E-24 -1.0140466031194911E-31 -4.762890377015301E-40 -3.866799259255259E-49 -1.600470714969448E-58 -1.0010333013489556E-67 -2.3954426268592103E-76 -5.110193225313336E-84 -3.1324752080901155E-89 -9.309144447972772E-93
 -1.2620258870192375 -1.2620257209260807 -1.2620248510604115 -1.2620222931059148 -1.262016612565776 -1.2620059106440464 -1.2619878053543875 -1.2619594075067248 -1.2619172911212122 -1.2618574577142551 -1.2617752937925945 -1.2616655207840461 -1.2615221365365378 -1.2613383474458486 -1.2611064902502764 -1.2608179425918943 -1.2604630216371961 -1.2600308704423142 -1.2595093324273718 -1.2588848154056693 -1.2581421482367365 -1.2572644355031841 -1.2562329188334795 -1.2550268577870391 -1.253623448735274 -1.251997806977436 -1.2501230453319815 -1.2479704912900055 -1.2455100937702046 -1.2427110783172972 -1.2395429143378944 -1.2359766570735433 -1.2319867172527791 -1.2275530892023127 -1.2226640303733242 -1.217319129730533 -1.211532629746281 -1.2053367812203488 -1.198784921197536 -1.1919538865604581 -1.1849453282569315 -1.1778854935525246 -1.1709231126040293 -1.1642251683658701 -1.1579705388700274 -1.152341755851655 -1.1475153870778667 -1.1436517758332922 -1.140884998324486 -1.139313566033919 -1.1244706211470676 -1.049987587895839 -0.8632244438271779 -0.5133116434010956 -0.13700775279406135 -5.487704182888326E-3 1.2034299826754726E-5 1.4819191460794779E-8 1.121037713652314E-12 3.4181180377738302E-18 -1.0346275499899356E-24 -1.0132043396065537E-31 -4.7639435650475714E-40 -3.869451303265571E-49 -1.6019971438097085E-58 -1.0021631553473916E-67 -2.3984322200219564E-76 -5.117749238495939E-84 -3.1353823339130703E-89 -9.325026865130629E-93
 -1.261733121023192 -1.2617329556980261 -1.2617320898544428 -1.2617295437270694 -1.261723889449992 -1.2617132369999632 -1.261695215384978 -1.2616669487277194 -1.261625026791936 -1.2615654693944684 -1.2614836840364158 -1.2613744159784356 -1.2612316898872544 -1.2610487421078655 -1.2608179425918943 -1.2605307055720442 -1.260177388263362 -1.2597471772611608 -1.259227962981832 -1.2586062035697995 -1.2578667813131048 -1.2569928569365516 -1.2559657303589948 -1.2547647207917662 -1.2533670845692381 -1.2517479959069492 -1.2498806237862716 -1.2477363470171598 -1.2452851584962212 -1.2424963175005274 -1.2393393136408505 -1.2357852052454296 -1.2318083852403307 -1.227388805492834 -1.222514652825699 -1.2171854144632956 -1.211415198010241 -1.2052360855556303 -1.1987012125160971 -1.1918871840486451 -1.1848953941001192 -1.1778518143967735 -1.17090488936589 -1.164221315495869 -1.1579796935268478 -1.1523622967473596 -1.1475454621224217 -1.143689337243882 -1.1409278436743837 -1.139359384464379 -1.1245435705323272 -1.0501754158119138 -0.8635969110645524 -0.5137792244564982 -0.13725231978255342 -5.507795449403601E-3 1.2027300840377214E-5 1.4863429557372956E-8 1.1257070295801452E-12 3.448637138450977E-18 -1.025651744301503E-24 -1.0121484613376635E-31 -4.765220746527023E-40 -3.872725450619562E-49 -1.6038860877356075E-58 -1.0035626433559643E-67 -2.4021370489851303E-76 -5.1271204004168E-84 -3.1389778024835805E-89 -9.344735872003384E-93
 -1.2613730387145334 -1.2613728743290357 -1.2613720134066488 -1.2613694817502847 -1.2613638596072362 -1.26135326768806 -1.261335348452808 -1.2613072423129665 -1.2612655582953538 -1.2612063386083967 -1.2611250164410281 -1.261016366214959 -1.2608744454117761 -1.2606925270219904 -1.2604630216371961 -1.260177388263362 -1.259826033120975 -1.2593981960834985 -1.2588818250776663 -1.2582634398415744 -1.2575279880505048 -1.256658699141527 -1.2556369443799797 -1.2544421159965404 -1.2530515437337381 -1.2514404739440811 -1.2495821443876637 -1.247447996737776 -1.245008077784259 -1.242231688173267 -1.2390883423427285 -1.2355491025119218 -1.2315883399428668 -1.2271859546676306 -1.2223300471973683 -1.2170199803576171 -1.2112696967892266 -1.205111072164393 -1.1985969951492694 -1.191803787256152 -1.184832527784646 -1.1778088510509288 -1.1708808515265538 -1.164214874775677 -1.1579891817896326 -1.1523857291411228 -1.1475805709084008 -1.143733614791592 -1.1409785927561941 -1.1394137748967625 -1.1246311920655298 -1.0504037860418675 -0.8640517126636496 -0.5143513150419815 -0.13755201833648261 -5.53246357402936E-3 1.2018488704991205E-5 1.491771610309329E-8 1.1314414516151247E-12 3.486161468633249E-18 -1.0145939104583332E-24 -1.010838101267388E-31 -4.7667412088707795E-40 -3.876713111890205E-49 -1.606193445308146E-58 -1.0052741021360273E-67 -2.406670453314682E-76 -5.138598658110681E-84 -3.143366535504248E-89 -9.368893414956755E-93
 -1.2609346430434211 -1.2609344797947734 -1.260933624826271 -1.260931110677568 -1.260925527411693 -1.2609150087254081 -1.2608972133537075 -1.2608693014150407 -1.2608279052416586 -1.26076909413257 -1.2606883323554176 -1.260580429613004 -1.2604394830890095 -1.2602588101112586 -1.2600308704423142 -1.2597471772611608 -1.2593981960834985 -1.2589732312498873 -1.2584603002778436 -1.2578459974407802 -1.2571153495445228 -1.2562516691863798 -1.255236413987451 -1.254049064568323 -1.2526670395439907 -1.251065672615385 -1.2492182848437081 -1.247096394063598 -1.2446701123914312 -1.2419087906647432 -1.2387819735151128 -1.2352607280376401 -1.2313193994580344 -1.2269378252662188 -1.2221040017049398 -1.2168171412217512 -1.2110909869550614 -1.2049571648567842 -1.1984682649909863 -1.1917002655303516 -1.1847538648134445 -1.1777542885376333 -1.1708492072632641 -1.1642045413724855 -1.157998140122052 -1.1524115761796012 -1.1476205606531733 -1.143784710344812 -1.1410375272726247 -1.1394771202565652 -1.1247347936284632 -1.0506779507630363 -0.8646005850339327 -0.5150434334783306 -0.13791528581183001 -5.562434604593521E-3 1.2007458828583457E-5 1.4983629620399406E-8 1.1384107006216983E-12 3.531830498807213E-18 -1.0011038797384152E-24 -1.0092254563825713E-31 -4.768518147530609E-40 -3.881510240823743E-49 -1.6089792548338836E-58 -1.0073433786211793E-67 -2.412155671403248E-76 -5.152503527314064E-84 -3.148660618726749E-89 -9.398183238296758E-93
 -1.2604056262084772 -1.2604054643213897 -1.2604046164836102 -1.260402123303133 -1.260396586598868 -1.2603861556206934 -1.2603685085954461 -1.2603408292439097 -1.2602997778105016 -1.2602414560398711 -1.2601613654220475 -1.2600543579156593 -1.2599145782557892 -1.259735396874047 -1.2595093324273718 -1.259227962981832 -1.2588818250776663 -1.2584603002778436 -1.2579514894635512 -1.2573420762001417 -1.2566171820968092 -1.2557602193904977 -1.2547527491813945 -1.2535743580201794 -1.2522025710472888 -1.2506128266839564 -1.248778545886905 -1.2466713378596665 -1.2442613931364365 -1.2415181228706126 -1.23841110808131 -1.2349114219457528 -1.230993378757539 -1.2266367413480623 -1.2218293813057445 -1.2165703311569926 -1.2108730952166402 -1.204769000374167 -1.1983102789654345 -1.1915724977087924 -1.1846558982675117 -1.1776852163685367 -1.1708076141222074 -1.1641885017956854 -1.1580052345308775 -1.1524389241576697 -1.1476648699824334 -1.1438423394491965 -1.1411045583634777 -1.1395494417893723 -1.1248554030126718 -1.0510032393407868 -0.865255977509163 -0.5158723264021668 -0.1383513391917178 -5.598512913899359E-3 1.1993712610218545E-5 1.5062912303150334E-8 1.1468031321739515E-12 3.586918703159721E-18 -9.847851977759889E-25 -1.007254387586094E-31 -4.770555322158699E-40 -3.887215774889772E-49 -1.6123073229100452E-58 -1.0098197088208567E-67 -2.4187257307747423E-76 -5.169182697404542E-84 -3.154978341154559E-89 -9.433353487380719E-93
 -1.2597722340827446 -1.2597720738113988 -1.2597712344355573 -1.2597687661377885 -1.2597632846875785 -1.259752957791459 -1.2597354868070687 -1.259708083463863 -1.259667441129534 -1.2596097000520334 -1.2595304058936056 -1.2594244607588875 -1.259286065814066 -1.2591086545122904 -1.2588848154056693 -1.2586062035697995 -1.2582634398415744 -1.2578459974407802 -1.2573420762001417 -1.256738465680337 -1.256020400037702 -1.2551714098095447 -1.2541731789700416 -1.2530054198733597 -1.2516457841946195 -1.2500698347760308 -1.248251111301617 -1.2461613316183648 -1.2437707795708472 -1.2410489381766174 -1.2379654319548267 -1.2344913416434892 -1.2306009451839177 -1.2262739171588747 -1.2214979815477975 -1.2162719576226215 -1.2106090664487207 -1.2045402800470692 -1.1981174060946353 -1.1914155226884275 -1.1845343289763092 -1.1775979784175025 -1.1707530286923581 -1.164164283459858 -1.1580085100917487 -1.1524662720618563 -1.1477123785251441 -1.1439056809869356 -1.141179076323144 -1.1396302488157934 -1.1249936181765758 -1.0513849143006488 -0.8660309362480341 -0.5168559244992756 -0.13887019445463183 -5.641587362212184E-3 1.1976633228851211E-5 1.515748072832885E-8 1.156827310589813E-12 3.652850168355413E-18 -9.65188680524438E-25 -1.0048587181526136E-31 -4.77284274446232E-40 -3.893929449076647E-49 -1.616244631131518E-58 -1.012755473130503E-67 -2.4265230669594721E-76 -5.189012184753628E-84 -3.162442741722257E-89 -9.47521871619359E-93
 -1.2590191236350016 -1.2590189652648706 -1.2590181358460157 -1.2590156968272334 -1.2590102803933544 -1.259000075968542 -1.2589828121280055 -1.2589557335586556 -1.258915572604012 -1.2588585148188118 -1.2587801578431121 -1.258675462789499 -1.2585386972290322 -1.2583633687765483 -1.2581421482367365 -1.2578667813131048 -1.2575279880505048 -1.2571153495445228 -1.2566171820968092 -1.256020400037702 -1.2553103700182846 -1.2544707618600732 -1.2534834042272613 -1.25232815764024 -1.2509828228350561 -1.2494231092672236 -1.2476226965787666 -1.2455534307571876 -1.243185705795375 -1.2404890896725995 -1.2374332585378933 -1.2339893025032071 -1.2301314572278447 -1.2258392939377784 -1.2211003633644477 -1.2159132342031582 -1.2102907944471836 -1.2042635985858105 -1.1978829544035116 -1.191223364554503 -1.1843838890063775 -1.1774879949266363 -1.1706815273019941 -1.1641285742531783 -1.1580052095723156 -1.1524913494264961 -1.1477612241716586 -1.1439731939940476 -1.1412597671221043 -1.1397183550922524 -1.1251494223320173 -1.0518279853409278 -0.8669389391186862 -0.5180132575164526 -0.13948267384266796 -5.692637545580674E-3 1.195545575027342E-5 1.5269436053801755E-8 1.1687136386687182E-12 3.731214645426509E-18 -9.418050129272655E-25 -1.0019601855063595E-31 -4.775351204625509E-40 -3.90174883289262E-49 -1.620860460374864E-58 -1.0162057907337464E-67 -2.4356987825019775E-76 -5.212395855316476E-84 -3.171179533332905E-89 -9.524660989573802E-93
 -1.258129218846438 -1.2581290626958572 -1.2581282449011743 -1.2581258400638044 -1.2581204995325125 -1.2581104380854675 -1.2580934160728698 -1.258066716657625 -1.2580271176856572 -1.2579708576055568 -1.2578935947400182 -1.2577903590927437 -1.2576554957632288 -1.2574825989530535 -1.2572644355031841 -1.2569928569365516 -1.256658699141527 -1.2562516691863798 -1.2557602193904977 -1.2551714098095447 -1.2544707618600732 -1.253642108082237 -1.252667446202974 -1.2515268099034435 -1.2501981741719541 -1.2486574199129534 -1.2468783905083791 -1.244833081955199 -1.2424920173192057 -1.239824864315614 -1.2368013599762754 -1.233392606009957 -1.229572789389267 -1.2253213613395461 -1.2206256709391298 -1.215483994837604 -1.2099088324911126 -1.2039302509946823 -1.1975989742590451 -1.190988832471405 -1.1841981382828545 -1.1773495560847924 -1.1705880968215236 -1.164077010864689 -1.1579915596080991 -1.1525109006973273 -1.147808585971934 -1.1440423994416735 -1.1413443934181066 -1.1398116593954235 -1.125321960861937 -1.052336975815537 -0.8679936720827917 -0.5193643178011202 -0.14020039620588747 -5.752739881110843E-3 1.1929230617245573E-5 1.540107304144388E-8 1.182715991407272E-12 3.823784887362339E-18 -9.140563492564438E-25 -9.984660031593551E-32 -4.778025429415599E-40 -3.9107654208966175E-49 -1.6262251619176675E-58 -1.0202279085958844E-67 -2.4464114390959862E-76 -5.2397640927943074E-84 -3.181314253169087E-89 -9.582629680387504E-93
 -1.257083573858715 -1.2570834202801455 -1.2570826159554886 -1.2570802507273677 -1.2570749981516144 -1.257065102386564 -1.257048360603197 -1.2570221005505661 -1.2569831528032178 -1.25692781710415 -1.2568518220971676 -1.2567502776206014 -1.2566176186199957 -1.256447539643369 -1.2562329188334795 -1.2559657303589948 -1.2556369443799795 -1.255236413987451 -1.2547527491813945 -1.2541731789700416 -1.2534834042272613 -1.252667446202974 -1.2517074987299106 -1.2505837963975887 -1.249274516430759 -1.247755738794803 -1.246001497081176 -1.2439839616742622 -1.2416738058581706 -1.2390408136609845 -1.2360547934852614 -1.2326868613592856 -1.2289111487481008 -1.2247069687140945 -1.220061437475016 -1.214972493916883 -1.209452187671805 -1.203530021110898 -1.1972560411782806 -1.1907032979032694 -1.1839692364503184 -1.1771755888375088 -1.1704663968058257 -1.1640039367074774 -1.1579625249089662 -1.1525204362661816 -1.147850432573945 -1.1441096266746801 -1.141429539604046 -1.139906889795329 -1.1255092787833511 -1.0529156372128163 -0.8692087374601277 -0.5209298601445208 -0.14103574439897614 -5.8230731600823594E-3 1.189677959888982E-5 1.5554886984044807E-8 1.1991132739869901E-12 3.932534929846351E-18 -8.812869307557803E-25 -9.942659973163405E-32 -4.7807756624668575E-40 -3.9210595910956216E-49 -1.632408494723559E-58 -1.0248803329828904E-67 -2.4588252555171982E-76 -5.271571336796824E-84 -3.1929684682444524E-89 -9.65013945194419E-93
 -1.2558612563971256 -1.255861105777916 -1.2558603169519433 -1.255857997298419 -1.2558528459247748 -1.2558431407943395 -1.2558267214444895 -1.255800966925722 -1.2557627684832901 -1.2557084963876024 -1.2556339601973476 -1.2555343616143335 -1.2554042389700086 -1.255237402285036 -1.2550268577870391 -1.2547647207917662 -1.2544421159965404 -1.254049064568323 -1.2535743580201794 -1.2530054198733597 -1.25232815764024 -1.2515268099034435 -1.2505837963975887 -1.249479583211259 -1.248192580680603 -1.2466990983256038 -1.2449733892165828 -1.242987825129681 -1.2407132530540476 -1.2381195918310021 -1.2351767330729206 -1.2318558104558687 -1.2281308927883458 -1.2239811353498186 -1.2193933875104816 -1.214365200399089 -1.2089081066253744 -1.203050958875416 -1.1968430246726506 -1.1903564551886474 -1.1836876954597708 -1.1769574018916848 -1.1703084974393254 -1.163902133434214 -1.1579115340689067 -1.1525139533768276 -1.1478812390898194 -1.144169727148941 -1.1415103233600798 -1.1399993139864512 -1.1257080202264451 -1.0535666092142921 -0.8705972850167757 -0.5227311243881992 -0.14200180230479964 -5.904923037277732E-3 1.1856643389054242E-5 1.5733577273307427E-8 1.2182107858587124E-12 4.0596586995866495E-18 -8.42752828661821E-25 -9.892292988934767E-32 -4.7834674737014145E-40 -3.932694237491902E-49 -1.639477439781101E-58 -1.0302216440733306E-67 -2.473107562988155E-76 -5.308292156720663E-84 -3.2062548491919594E-89 -9.728265784073194E-93
 -1.2544392700387896 -1.2544391228013664 -1.2544383516864172 -1.2544360841129615 -1.254431048387375 -1.254421561103521 -1.2544055102129081 -1.2543803333909775 -1.2543429912152117 -1.2542899345530185 -1.2542170654321402 -1.2541196905376721 -1.2539924663559518 -1.253829334880942 -1.253623448735274 -1.2533670845692381 -1.2530515437337381 -1.2526670395439907 -1.2522025710472888 -1.2516457841946195 -1.2509828228350561 -1.2501981741719541 -1.249274516430759 -1.248192580680603 -1.2469310441910461 -1.2454664794781884 -1.2437733912371231 -1.2418243823544152 -1.2395904994515267 -1.2370418167160226 -1.234148322277937 -1.230881171517412 -1.2272143632311056 -1.223126873952252 -1.2186052495344974 -1.213646599148997 -1.2082618653013421 -1.2024791583732166 -1.19634685455703 -1.1899360762829094 -1.183342123083742 -1.1766844185191216 -1.170104602315186 -1.1637625345396365 -1.1578301849840673 -1.1524836344760454 -1.1478936796006613 -1.1442157623918778 -1.141580080431684 -1.1400824222842016 -1.125913095485244 -1.0542910262453684 -0.8721715583897898 -0.5247894662944541 -0.14311225246834097 -5.999684709530399E-3 1.1807020320390011E-5 1.594004590856099E-8 1.2403412209480891E-12 4.2075879442486794E-18 -7.976110630400481E-25 -9.832006005879021E-32 -4.785909651749977E-40 -3.945706889366E-49 -1.6474933974286774E-58 -1.0363089280463722E-67 -2.4894253497858547E-76 -5.350415463548179E-84 -3.221270917958728E-89 -9.818137247424215E-93
 -1.2527925407048552 -1.2527923973061008 -1.2527916462948816 -1.2527894378374184 -1.2527845333837481 -1.2527752933772913 -1.252759660724632 -1.2527351396470103 -1.2526987694223008 -1.252647092406335 -1.2525761155935772 -1.2524812648444536 -1.2523573307772914 -1.2521984052115904 -1.251997806977436 -1.2517479959069492 -1.2514404739440811 -1.251065672615385 -1.2506128266839564 -1.250069834776031 -1.2494231092672236 -1.2486574199129534 -1.247755738794803 -1.2466990983256038 -1.2454664794781884 -1.2440347541673821 -1.2423787137639621 -1.2404712247446323 -1.2382835617982315 -1.2357859771144903 -1.2329485702319702 -1.229742523157275 -1.226141757273937 -1.2221250482402308 -1.2176785992308702 -1.2127990192419966 -1.2074965818875595 -1.2017985551178114 -1.1957523025344354 -1.1894277768054586 -1.1829189738234746 -1.1763439129615953 -1.169842771214257 -1.1635739356163392 -1.1577079438972126 -1.152419536543061 -1.1478783084237618 -1.1442386789862466 -1.1416300352038537 -1.1401475957274092 -1.1261173268815662 -1.0550880763511176 -0.8739423523058225 -0.5271258818571856 -0.14438122358825702 -6.108862757337955E-3 1.17456961859353E-5 1.617738869663979E-8 1.2658650657920406E-12 4.379007934924578E-18 -7.449085579442228E-25 -9.759960355292602E-32 -4.787840126149627E-40 -3.9601001597741006E-49 -1.6565086751429336E-58 -1.0431957575877476E-67 -2.5079407115013214E-76 -5.398436397645914E-84 -3.238091283389008E-89 -9.920923557601004E-93
 -1.250894000750694 -1.25089386168029 -1.250893133337383 -1.250890991537161 -1.2508862351014111 -1.250877273916996 -1.2508621128564336 -1.2508383311767123 -1.2508030568976225 -1.2507529355380657 -1.2506840924562703 -1.2505920879023024 -1.2504718637559752 -1.2503176808043572 -1.2501230453319815 -1.2498806237862716 -1.2495821443876637 -1.2492182848437081 -1.248778545886905 -1.248251111301617 -1.2476226965787666 -1.2468783905083791 -1.246001497081176 -1.2449733892165828 -1.2437733912371231 -1.2423787137639621 -1.2407644727640807 -1.2389038335357225 -1.2367683298008882 -1.2343284165912327 -1.2315543214320041 -1.2284172588967767 -1.224891065710429 -1.220954293613727 -1.2165927617443945 -1.2118025170251831 -1.206593080047816 -1.2009907690692953 -1.195041804854982 -1.1888148184850992 -1.1824023315919938 -1.1759207741204973 -1.169508665887991 -1.163322723625965 -1.157531859839886 -1.1523092926442657 -1.1478232509445571 -1.14422699102696 -1.1416489772706241 -1.1401837793440132 -1.1263110921824115 -1.0559545250389095 -0.875918380773443 -0.5297604109080462 -0.14582307532642851 -6.234066770685019E-3 1.1669966046697838E-5 1.6448876223257517E-8 1.2951700698144375E-12 4.576868657103357E-18 -6.8357169240818264E-25 -9.673988056938248E-32 -4.7889100256123044E-40 -3.975830431974376E-49 -1.666562185659966E-58 -1.0509296533978699E-67 -2.5288050173785221E-76 -5.45284537336071E-84 -3.256758212652974E-89 -1.0037818256565613E-92
