 -1.1875661775184278 -1.187566062873401 -1.1875654624543752 -1.1875636968596345 -1.1875597760285967 -1.1875523896604787 -1.1875398945325614 -1.1875202986015152 -1.1874912417424585 -1.1874499729560725 -1.187393323854767 -1.1873176782286043 -1.1872189374959516 -1.1870924818717065 -1.1869331271495631 -1.1867350771115752 -1.186491871771916 -1.1861963319634176 -1.185840501226193 -1.1854155866076705 -1.1849119008946606 -1.184318810040482 -1.183624691198814 -1.182816908901716 -1.1818818195737101 -1.180804817766677 -1.1795704411637797 -1.1781625553468064 -1.1765646431844924 -1.1747602268784713 -1.172733452307803 -1.1704698641381434 -1.1679573947202597 -1.1651875784500103 -1.1621569844567181 -1.158868833204992 -1.1553347269016358 -1.1515763812943637 -1.1476272016522557 -1.1435335051457473 -1.139355164511161 -1.1351654439816645 -1.1310498273524396 -1.1271037055831534 -1.123428897154024 -1.1201291099262944 -1.1173046013914751 -1.1150464302825322 -1.1134307794237907 -1.112513651562735 -1.1038663220492732 -1.0606348553975115 -0.9501185711039344 -0.7175417339415253 -0.3603252192785308 -0.07283674908315346 -2.115373523951698E-3 5.475654425375479E-6 8.02165688215191E-9 2.426594177058162E-14 -3.318035228112943E-17 -2.3225035073705396E-22 -2.153502733345765E-28 -4.727572252799457E-35 -4.630879114942662E-42 -4.72259553554401E-49 -2.6739008043797681E-55 -7.229427868591703E-61 -1.4711754229007603E-64 -1.1860063660127417E-66
 -1.187566062873401 -1.1875659482285885 -1.1875653478106962 -1.187563582219288 -1.1875596613956462 -1.18755227504146 -1.1875397799371052 -1.1875201840430047 -1.187491127238706 -1.1874498585300428 -1.1873932095353458 -1.1873175640513793 -1.1872188235040681 -1.1870923681167384 -1.1869330136924378 -1.1867349640235331 -1.1864917591354642 -1.1861962198733277 -1.1858403897904761 -1.18541547594852 -1.1849117911493225 -1.1843187013620408 -1.1836245837568113 -1.1828168028825434 -1.1818817151807543 -1.180804715220079 -1.1795703406997124 -1.1781624572162345 -1.176564547651232 -1.174760134216471 -1.1727333627975411 -1.1704697780620785 -1.1679573123571858 -1.1651875000684075 -1.1621569103070767 -1.1588687635112255 -1.155334661851802 -1.151576321031001 -1.1476271462627054 -1.1435334546529714 -1.139355118865559 -1.1351654030544897 -1.1310497909313232 -1.1271036733701724 -1.123428868766706 -1.1201290849016327 -1.1173045791930222 -1.1150464103103068 -1.1134307610267382 -1.112513634053417 -1.1038663126921222 -1.0606348818813142 -0.9501186644881773 -0.7175419019698388 -0.36032538790755913 -0.0728368119741206 -2.115377078741064E-3 5.475654016034091E-6 8.021668970697439E-9 2.426650052615009E-14 -3.318038346948796E-17 -2.3225065448986924E-22 -2.1535061063413007E-28 -4.7275810805485133E-35 -4.630889520340706E-42 -4.722609465051649E-49 -2.6739091907863295E-55 -7.229505256227718E-61 -1.4711811718359063E-64 -1.186009902570877E-66
 -1.1875654624543752 -1.1875653478106962 -1.1875647473987345 -1.187562981824768 -1.18755906103986 -1.1875516747586345 -1.1875391797776866 -1.1875195840770707 -1.1874905275595482 -1.1874492592579515 -1.1873926108215662 -1.1873169660823055 -1.18721822650565 -1.1870917723590921 -1.1869324194946642 -1.1867343717586891 -1.1864911692356692 -1.1861956328349334 -1.1858398061791513 -1.1854148964041957 -1.1849112163908008 -1.1843181321910392 -1.1836240210612254 -1.1828162476385803 -1.1818811684535908 -1.1808041781625797 -1.179569814548792 -1.1781619432862238 -1.176564047323761 -1.174759648926267 -1.172732894013561 -1.1704693272635526 -1.1679568810042231 -1.1651870895671068 -1.1621565219692766 -1.1588683985095937 -1.1553343211712445 -1.1515760054180155 -1.1476268561747218 -1.143533190210227 -1.139354879808301 -1.1351651887084555 -1.1310496001842706 -1.1271035046618662 -1.1234287200940462 -1.1201289538397942 -1.1173044629325266 -1.1150463057089745 -1.1134306646748288 -1.112513542350737 -1.103866263683759 -1.0606350205782992 -0.9501191535546598 -0.7175427819612875 -0.3603262710467818 -0.07283714134549539 -2.11539569585745E-3 5.475651872040636E-6 8.021732280740386E-9 2.4269426847072822E-14 -3.318054680852657E-17 -2.32252245300499E-22 -2.1535237713641913E-28 -4.727627313181318E-35 -4.6309440154490405E-42 -4.722682416649708E-49 -2.6739531120610632E-55 -7.229910551176568E-61 -1.4712112801503613E-64 -1.1860284242146738E-66
 -1.1875636968596345 -1.1875635822192882 -1.187562981824768 -1.1875612163020936 -1.1875572956310838 -1.1875499095644057 -1.1875374149463353 -1.1875178198146625 -1.1874887641404334 -1.1874474970358226 -1.1873908502411787 -1.18731520769177 -1.1872164709693708 -1.187090020471355 -1.1869306721937924 -1.186732630141682 -1.186489434573217 -1.1861939065865505 -1.185838090008219 -1.1854131921924746 -1.1849095262519504 -1.1843164584825545 -1.1836223663939955 -1.182814614883188 -1.1818795607422216 -1.1808025988853201 -1.1795682673428324 -1.178160432016422 -1.1765625760528861 -1.1747582218731811 -1.1727315154978033 -1.1704680016348623 -1.1679556125561576 -1.1651858824343486 -1.1621553800093833 -1.1588673251708465 -1.1553333193498176 -1.151575077309015 -1.1476260031232696 -1.1435324125698984 -1.1393541768152877 -1.1351645583800538 -1.1310490392498906 -1.1271030085335662 -1.1234282828816146 -1.1201285684129234 -1.117304121029778 -1.115045998090621 -1.113430381314343 -1.112513272661556 -1.103866119539497 -1.0606354283921086 -0.9501205916516867 -0.7175453696039596 -0.36032886796245694 -0.07283810988421482 -2.115450441142845E-3 5.475645565553176E-6 8.021918449574024E-9 2.4278032055237661E-14 -3.318102711759716E-17 -2.3225692320742865E-22 -2.153575716893461E-28 -4.7277632644567123E-35 -4.631104263501438E-42 -4.72289693812894E-49 -2.6740822669475297E-55 -7.231102366699056E-61 -1.4712998166569119E-64 -1.1860828888308144E-66
 -1.1875597760285967 -1.1875596613956462 -1.18755906103986 -1.1875572956310838 -1.1875533752129918 -1.1875459896227358 -1.1875334958104708 -1.1875139019421783 -1.187484848140531 -1.1874435836939347 -1.187386940544907 -1.187311302858236 -1.1872125724739397 -1.1870861300778088 -1.18692679198574 -1.1867287625551077 -1.1864855824297746 -1.1861900731272267 -1.1858342789266786 -1.1854094076673131 -1.1849057729767213 -1.184312741692262 -1.1836186918863416 -1.18281098903253 -1.1818759905038405 -1.1807990917871755 -1.1795648314616076 -1.1781570759343646 -1.1765593087917023 -1.174755052801235 -1.1727284542069977 -1.170465057784197 -1.1679527956798352 -1.16518320171383 -1.1621528440107191 -1.1588649415512928 -1.1553310945406127 -1.1515730161846513 -1.147624108670742 -1.1435306855744031 -1.1393526155807884 -1.1351631585038286 -1.1310477934693521 -1.1271019066608152 -1.1234273118369448 -1.1201277123628534 -1.1173033616290564 -1.11504531482157 -1.1134297519121598 -1.1125126736177857 -1.1038657992800515 -1.0606363338096562 -0.9501237849253156 -0.717551115603983 -0.3603346346437138 -0.07284026063950202 -2.1155720116893916E-3 5.475631550946402E-6 8.022331866986742E-9 2.4297141819268594E-14 -3.31820936989344E-17 -2.322673111680631E-22 -2.153691069923005E-28 -4.728065166305121E-35 -4.6314601214233013E-42 -4.72337332131426E-49 -2.6743690782892313E-55 -7.23374903295562E-61 -1.4714964277146295E-64 -1.186203836514646E-66
 -1.1875523896604787 -1.18755227504146 -1.1875516747586345 -1.1875499095644057 -1.1875459896227358 -1.187538604929915 -1.187526112635536 -1.1875065211470843 -1.1874774708728161 -1.1874362114331176 -1.1873795751513402 -1.1873039466245862 -1.1872052281793723 -1.187078801044752 -1.186919482139093 -1.1867214764835198 -1.1864783254484014 -1.1861828513411061 -1.18582709929358 -1.185402278058442 -1.1848987022333448 -1.1843057396755578 -1.183611769517452 -1.1828041583188446 -1.181869264547053 -1.1807924847677304 -1.179558358593595 -1.178150753384218 -1.176553153553688 -1.1747490825226276 -1.1727226869561806 -1.1704595117559593 -1.1679474888339074 -1.165178151345504 -1.1621480662560748 -1.1588604508345152 -1.1553269029764685 -1.1515691329554513 -1.1476205394033223 -1.14352743174806 -1.1393496740008621 -1.13516052087705 -1.1310454461152561 -1.127099830388441 -1.1234254820079461 -1.1201260991515091 -1.1173019304781248 -1.1150440270815256 -1.1134285656423295 -1.112511544534784 -1.10386519534973 -1.0606380387241642 -0.9501297995855971 -0.7175619390905963 -0.3603454974238636 -0.07284431215773954 -2.1158010300727915E-3 5.475605112127392E-6 8.023110676096129E-9 2.4333143415184333E-14 -3.318410288032962E-17 -2.3228688006975222E-22 -2.1539083747427015E-28 -4.72863390060299E-35 -4.6321305045182633E-42 -4.724270763219432E-49 -2.6749093919150913E-55 -7.238735099287133E-61 -1.4718668163858528E-64 -1.1864316830566523E-66
 -1.1875398945325614 -1.1875397799371052 -1.1875391797776866 -1.1875374149463353 -1.1875334958104708 -1.187526112635536 -1.1875136229084584 -1.187494035445182 -1.1874649911369958 -1.187423740165778 -1.1873671154990137 -1.1872915024650187 -1.1871928042131398 -1.1870664028912798 -1.1869071164368265 -1.1867091509935374 -1.1864660491605683 -1.186170634581276 -1.185814953829876 -1.1853902172039736 -1.1848867409419148 -1.18429389462607 -1.1836000591815634 -1.182792603005509 -1.181857886416084 -1.180781307803548 -1.1795474085289217 -1.1781400575625737 -1.176542740718815 -1.1747389825227858 -1.172712930351936 -1.1704501293217515 -1.167938510946681 -1.1651696072584472 -1.1621399832618135 -1.1588528533302684 -1.1553198114534235 -1.1515625629449646 -1.147614500423125 -1.1435219263008113 -1.1393446966837645 -1.1351560576635493 -1.1310414738668652 -1.1270963166462053 -1.1234223850991031 -1.1201233686292744 -1.1172995078926943 -1.1150418470612861 -1.1134265572489043 -1.112509632867239 -1.1038641719272224 -1.0606409205130757 -0.9501399710619338 -0.717580244811354 -0.36036387060438923 -0.0728511651748907 -2.116188431348535E-3 5.475560276923839E-6 8.024428089934911E-9 2.4394048765072164E-14 -3.3187501325748226E-17 -2.3231998151244722E-22 -2.1542759592592333E-28 -4.7295959626018074E-35 -4.6332645267331353E-42 -4.725788900390174E-49 -2.6758233999701596E-55 -7.24716997049276E-61 -1.4724933755302944E-64 -1.1868171066171214E-66
 -1.187520298601515 -1.1875201840430047 -1.1875195840770707 -1.1875178198146625 -1.1875139019421783 -1.1875065211470843 -1.187494035445182 -1.187474454292817 -1.1874454193386296 -1.187404181644823 -1.187347575188791 -1.1872719864453118 -1.187173319853791 -1.187046959002787 -1.1868877234273527 -1.1866898210313996 -1.1864467963406504 -1.1861514750931148 -1.1857959061242993 -1.1853713021541534 -1.184867981993434 -1.1842753179292266 -1.183581693697529 -1.1827744805760911 -1.1818400417850654 -1.1807637785755031 -1.1795302350496132 -1.1781232827033747 -1.1765264095465661 -1.1747231418362154 -1.1726976280667267 -1.1704354136890546 -1.1679244295946382 -1.1651562060534546 -1.1621273049965208 -1.1588409362578926 -1.1553086877031291 -1.151552256869601 -1.1476050269469644 -1.1435132893492914 -1.1393368877873808 -1.1351490548315388 -1.1310352408217172 -1.127090802496561 -1.1234175245069515 -1.1201190824993787 -1.1172957045814695 -1.1150384240720017 -1.1134234033563148 -1.1125066306329431 -1.103862562391272 -1.0606454341006172 -0.9501559147327847 -0.7176089438029541 -0.3603926778941179 -0.07286191083826309 -2.116795944264606E-3 5.4754896840133854E-6 8.026494028929552E-9 2.4489574255563376E-14 -3.3192830096996314E-17 -2.323718883872537E-22 -2.1548523899267895E-28 -4.7311046604566755E-35 -4.6350429233693466E-42 -4.728169728390634E-49 -2.6772567957357154E-55 -7.260398782700734E-61 -1.4734759797147E-64 -1.1874215296153865E-66
 -1.1874912417424585 -1.187491127238706 -1.1874905275595482 -1.1874887641404334 -1.187484848140531 -1.1874774708728161 -1.1874649911369958 -1.1874454193386294 -1.1874163982488725 -1.1873751802347602 -1.1873186007705645 -1.187243048030324 -1.1871444283655923 -1.187018127500245 -1.1868589673373997 -1.186661158389861 -1.1864182480389076 -1.1861230651272498 -1.185767661842099 -1.1853432544938136 -1.1848401657060145 -1.1842477717747752 -1.1835544606024082 -1.1827476077364491 -1.1818135806984555 -1.1807377849799003 -1.1795047687461537 -1.1780984072368818 -1.1765021917162512 -1.1746996510085754 -1.1726749352641623 -1.170413590431585 -1.16790354647921 -1.1651363310661972 -1.1621085015680112 -1.1588232610906763 -1.1552921884229232 -1.151536969576177 -1.147590973764956 -1.143500476100585 -1.1393253019215476 -1.1351386637561311 -1.1310259907674033 -1.1270826180320876 -1.123410308786726 -1.1201127182853083 -1.1172900560346703 -1.1150333392655995 -1.1134187174247798 -1.1125021695006165 -1.103860165626004 -1.0606521136436652 -0.950179537803452 -0.7176514771053317 -0.3604353774001864 -0.07287784041491947 -2.1176966683418836E-3 5.475384383026425E-6 8.029557085152777E-9 2.463123862834471E-14 -3.32007294413528E-17 -2.324488432586054E-22 -2.1557070164420835E-28 -4.7333415560697924E-35 -4.637679764561754E-42 -4.731699921256327E-49 -2.6793821686571046E-55 -7.280015653475806E-61 -1.4749329419794071E-64 -1.1883176982483034E-66
 -1.1874499729560725 -1.1874498585300428 -1.1874492592579515 -1.1874474970358226 -1.187443583693935 -1.1874362114331176 -1.187423740165778 -1.187404181644823 -1.1873751802347602 -1.1873339901547275 -1.1872774490037538 -1.1872019473678632 -1.1871033943127797 -1.1869771785933567 -1.1868181254740135 -1.1866204491707581 -1.18637770111817 -1.1860827145659322 -1.1857275464588374 -1.1853034182036834 -1.1848006578363141 -1.1842086473434296 -1.1835157805413485 -1.1827094390385026 -1.1817759964623157 -1.1807008643235852 -1.179468596555492 -1.1780630737121171 -1.176467791677589 -1.174666282920972 -1.17264269994373 -1.1703825894015402 -1.1678738799533505 -1.1651080955531885 -1.1620817871109507 -1.158798148183239 -1.1552687446751797 -1.1515152462379396 -1.1475710022489415 -1.1434822646780296 -1.1393088327840681 -1.1351238906451404 -1.1310128373627008 -1.127070977262856 -1.1234000431826456 -1.1201036614267287 -1.1172820150958953 -1.1150260985818365 -1.1134120429628946 -1.1124958141522773 -1.1038567407603914 -1.0606615733701376 -0.9502130517668046 -0.717711841934589 -0.36049598980450603 -0.07290045642201001 -2.1189757484365735E-3 5.475233542705385E-6 8.033906819195379E-9 2.483248053961612E-14 -3.321194426790848E-17 -2.3255811451476516E-22 -2.156920607200252E-28 -4.73651815270721E-35 -4.6414244687813743E-42 -4.73671356809119E-49 -2.682400649651194E-55 -7.307879469546403E-61 -1.4770021424467722E-64 -1.1895903622413466E-66
 -1.187393323854767 -1.1873932095353458 -1.1873926108215662 -1.1873908502411787 -1.187386940544907 -1.1873795751513402 -1.1873671154990137 -1.187347575188791 -1.1873186007705645 -1.1872774490037538 -1.187220960401598 -1.187145528858312 -1.1870470671622672 -1.186920968225495 -1.1867620619226788 -1.1865645675489913 -1.1863220420984301 -1.1860273248651591 -1.1856724793193784 -1.1852487338580914 -1.1847464239404965 -1.1841549393585866 -1.1834626820403997 -1.1826570419076458 -1.181724400962818 -1.1806501789732055 -1.1794189377836556 -1.1780145652381988 -1.1764205635585696 -1.1746204702140605 -1.1725984409322371 -1.1703400233400931 -1.1678331443021552 -1.1650693226921517 -1.1620451005534693 -1.158763658346252 -1.1552365443058021 -1.151485405644399 -1.1475435645312122 -1.1434572411947774 -1.1392861991218365 -1.1351035833658924 -1.1309947517926162 -1.1270549665464286 -1.123385918763535 -1.1200911950363654 -1.1172709422417386 -1.115016123440132 -1.1134028445114545 -1.1124870534316604 -1.1038519998313212 -1.0606745069689857 -0.9502589847120505 -0.7177946195388295 -0.3605791292257643 -0.0729314850837132 -2.1207311481062094E-3 5.475024035144604E-6 8.03987639462553E-9 2.5108797712206873E-14 -3.322733025860746E-17 -2.3270806017872835E-22 -2.1585860760841627E-28 -4.7408778345213252E-35 -4.646564126009922E-42 -4.743595345826556E-49 -2.6865438177939005E-55 -7.346132404482385E-61 -1.4798423364772442E-64 -1.191337057408747E-66
 -1.1873176782286043 -1.1873175640513793 -1.1873169660823055 -1.18731520769177 -1.187311302858236 -1.1873039466245862 -1.1872915024650187 -1.187271986445312 -1.187243048030324 -1.1872019473678632 -1.187145528858312 -1.1870701908085445 -1.1869718509724516 -1.1868459078071487 -1.1866871973367985 -1.1864899456315316 -1.1862477171008904 -1.1859533591016533 -1.1855989438081706 -1.185175708941631 -1.184673999863279 -1.1840832167766752 -1.183391772430328 -1.1825870678354146 -1.1816554961664806 -1.1805824882049675 -1.1793526163501355 -1.1779497781714016 -1.1763574843459214 -1.1745592790147691 -1.172539322211133 -1.1702831628602403 -1.167778725435869 -1.1650175220380807 -1.1619960828861002 -1.1587175709733592 -1.1551935109674564 -1.1514455201507807 -1.1475068843996043 -1.1434237816015688 -1.1392559275241724 -1.1350764151614516 -1.1309705473683155 -1.1270335300150646 -1.1233669986038803 -1.1200744867449967 -1.117256092985889 -1.1150027385847198 -1.113390495800978 -1.1124752886779256 -1.1038455977396743 -1.0606916847780181 -0.9503201925408563 -0.7179050037227376 -0.36069003609551586 -0.07297288997802955 -2.123074522458965E-3 5.47473985596973E-6 8.047845552971851E-9 2.5477909949587944E-14 -3.3247860537442073E-17 -2.3290819916005702E-22 -2.160809300376896E-28 -4.7466980619966476E-35 -4.653426139842429E-42 -4.7527841482039934E-49 -2.692075880018886E-55 -7.397221386791195E-61 -1.483634650456207E-64 -1.1936689932669812E-66
 -1.1872189374959516 -1.1872188235040681 -1.1872182265056501 -1.1872164709693708 -1.1872125724739397 -1.1872052281793723 -1.1871928042131398 -1.187173319853791 -1.1871444283655923 -1.1871033943127797 -1.1870470671622672 -1.1869718509724516 -1.1868736699693067 -1.1867479298374863 -1.1865894746165193 -1.1863925392071328 -1.1861506976845024 -1.1858568079144802 -1.1855029534167753 -1.1850803840661994 -1.184579458130944 -1.183989589385852 -1.1832992046838597 -1.182495719491487 -1.1815655415465928 -1.1804941159884647 -1.1792660289754293 -1.177865190755877 -1.176275123031108 -1.1744793786420058 -1.1724621232379628 -1.170208907440864 -1.1677076526130925 -1.1649498620305411 -1.1619320505050703 -1.1586573582674364 -1.1551372792693153 -1.1513933917829268 -1.1474589343785548 -1.1433800297521408 -1.139216331466226 -1.1350408646495555 -1.130938860441813 -1.1270054513485197 -1.123342200339206 -1.1200525719466758 -1.1172366017055141 -1.1149851563697645 -1.1133742643618942 -1.1124598185192386 -1.1038371187341273 -1.0607139478389282 -0.9503998679042983 -0.7180488287335609 -0.36083461115983334 -0.07302688668161633 -2.1261321900397133E-3 5.474361330679719E-6 8.058243928547566E-9 2.5959948635272593E-14 -3.327463279138084E-17 -2.331692895651482E-22 -2.1637100283153863E-28 -4.7542928251091943E-35 -4.662381196235751E-42 -4.7647771908341704E-49 -2.699296135209642E-55 -7.463922764126893E-61 -1.4885842731306114E-64 -1.196712047173495E-66
 -1.1870924818717065 -1.1870923681167384 -1.1870917723590921 -1.187090020471355 -1.1870861300778088 -1.187078801044752 -1.1870664028912798 -1.187046959002787 -1.187018127500245 -1.1869771785933567 -1.186920968225495 -1.1868459078071487 -1.1867479298374863 -1.1866224492401127 -1.186464320300532 -1.186267789207676 -1.1860264423923947 -1.1857331511544821 -1.1853800135167376 -1.184958294890453 -1.1844583700435218 -1.1838696700999646 -1.1831806399438096 -1.1823787135216745 -1.1814503171900705 -1.1803809144449077 -1.179155109036408 -1.1777568274249707 -1.1761696054093073 -1.1743770069573911 -1.1723632049046188 -1.170113752049189 -1.167616565784015 -1.1648631381129044 -1.1618499641598356 -1.158580155064272 -1.1550651655181007 -1.15132652392852 -1.1473974083926872 -1.1433238710487712 -1.1391654859315383 -1.1349951914010605 -1.1308981269017157 -1.1269693311304456 -1.123310274308289 -1.120024332634301 -1.117211461061571 -1.11496245664154 -1.1133532917342008 -1.1124398192672593 -1.1038260585112933 -1.0607421976893296 -0.9505015453850922 -0.718232594845667 -0.361019449446434 -0.07309595814872606 -2.1300462015179824E-3 5.473864046129187E-6 8.071554696625898E-9 2.6577675685286694E-14 -3.330887669754875E-17 -2.3350341345278464E-22 -2.16742287287054E-28 -4.7640153522151666E-35 -4.673846563436043E-42 -4.780134610076802E-49 -2.7085417326465195E-55 -7.549370428431758E-61 -1.4949223494364006E-64 -1.2006078650687901E-66
 -1.1869331271495631 -1.1869330136924378 -1.1869324194946642 -1.1869306721937924 -1.18692679198574 -1.186919482139093 -1.1869071164368265 -1.1868877234273524 -1.1868589673373997 -1.1868181254740135 -1.1867620619226788 -1.1866871973367985 -1.1865894746165193 -1.186464320300532 -1.1863066015555718 -1.1861105787621457 -1.1858698538847824 -1.1855773151127508 -1.1852250787026421 -1.1848044295990101 -1.1843057633143208 -1.1837185327856165 -1.1830312055678313 -1.182231238843674 -1.1813050823807762 -1.180238222757759 -1.1790152858472371 -1.177620218498429 -1.176036574241728 -1.1742479310437432 -1.172238470785033 -1.169993749011725 -1.1675016781387805 -1.1647537360112485 -1.1617463930132048 -1.1584827237204982 -1.154974133474599 -1.1512420879950706 -1.1473196893493062 -1.1432529009603595 -1.139101196862912 -1.1349374063052433 -1.1308465534178793 -1.1269235589196222 -1.1232697763803562 -1.119988470894953 -1.1171794960583112 -1.1149335612440298 -1.1133265682896367 -1.11241431991801 -1.1038118008695043 -1.0607773805431908 -0.9506291011169391 -0.7184634895559435 -0.36125187270187403 -0.07318287046705978 -2.1349755002466543E-3 5.473217433229477E-6 8.088318539683962E-9 2.735673522320911E-14 -3.3351961460693913E-17 -2.3392406710253343E-22 -2.172098385514487E-28 -4.776261066760149E-35 -4.688289722078262E-42 -4.799484568537375E-49 -2.720190731601326E-55 -7.657087674720587E-61 -1.5029080815591367E-64 -1.2055150666272224E-66
 -1.1867350771115752 -1.1867349640235331 -1.1867343717586891 -1.1867326301416822 -1.1867287625551077 -1.1867214764835198 -1.1867091509935374 -1.1866898210313996 -1.186661158389861 -1.1866204491707581 -1.1865645675489913 -1.1864899456315316 -1.1863925392071328 -1.186267789207676 -1.1861105787621457 -1.1859151858371501 -1.1856752316466561 -1.1853836253096521 -1.1850325056786765 -1.1846131819049343 -1.1841160752091646 -1.18353066556142 -1.18284544861359 -1.1820479103468481 -1.1811245295454833 -1.1800608213993122 -1.1788414392038846 -1.1774503550849941 -1.175871144558947 -1.1740874029542975 -1.1720833233771121 -1.1698444647970878 -1.1673587334798327 -1.1646175897442978 -1.1616174733352355 -1.1583614135346016 -1.1548607545400717 -1.1511368843934746 -1.147222810942274 -1.1431643876593424 -1.1390209646327535 -1.1348652358600161 -1.1307820825224677 -1.1268662790766503 -1.1232190344656631 -1.1199434760263025 -1.1171393316723543 -1.11489720205413 -1.1132929015553918 -1.112382170638691 -1.1037935877081108 -1.0608204642822487 -0.9507867446596416 -0.7187494018033765 -0.36153995839450686 -0.07329068851408876 -2.1410971658333837E-3 5.472382912472597E-6 8.109137903580128E-9 2.8325941455892564E-14 -3.340540320037313E-17 -2.3444625542875596E-22 -2.1779041997154584E-28 -4.7914707750195453E-35 -4.706232315591346E-42 -4.823528870874332E-49 -2.7346654631587166E-55 -7.791023055362886E-61 -1.5128310379957159E-64 -1.2116105491270825E-66
 -1.186491871771916 -1.1864917591354642 -1.1864911692356692 -1.186489434573217 -1.1864855824297746 -1.1864783254484014 -1.1864660491605683 -1.1864467963406504 -1.1864182480389076 -1.18637770111817 -1.1863220420984301 -1.1862477171008904 -1.1861506976845024 -1.1860264423923947 -1.1858698538847824 -1.1856752316466561 -1.1854362204458268 -1.185145755011501 -1.184796001845681 -1.184378299720578 -1.1838831013161497 -1.183299919683686 -1.182617284859522 -1.1818227180692668 -1.1809027336106063 -1.1798428816929271 -1.1786278491799908 -1.177241639142414 -1.1756678540178495 -1.1738901104014214 -1.1718926151600146 -1.169660931480027 -1.1671829581317745 -1.1644501340184378 -1.1614588614219372 -1.158212114225985 -1.1547211618292705 -1.151007297233817 -1.1471034129931236 -1.1430552280226244 -1.138921940708558 -1.1347760794952852 -1.13070235057187 -1.1267953493313263 -1.123156107641028 -1.11988758415894 -1.1170893528970551 -1.1148518813613046 -1.1132508768326476 -1.1123420035213782 -1.1037704810420638 -1.0608724064566934 -0.9509790005435927 -0.7190989260518656 -0.361892562887042 -0.07342279088642799 -2.1486077262792852E-3 5.4713114981398345E-6 8.134681497197149E-9 2.9517606265434073E-14 -3.3470871845445056E-17 -2.3508658858848782E-22 -2.185026228287576E-28 -4.8101340551643956E-35 -4.728254397549189E-42 -4.853049078529717E-49 -2.752436185977791E-55 -7.955590451138122E-61 -1.525013664855747E-64 -1.2190908791660927E-66
 -1.1861963319634176 -1.1861962198733277 -1.1861956328349334 -1.1861939065865505 -1.1861900731272267 -1.1861828513411061 -1.186170634581276 -1.1861514750931148 -1.1861230651272498 -1.1860827145659322 -1.1860273248651591 -1.1859533591016533 -1.1858568079144802 -1.1857331511544821 -1.1855773151127508 -1.1853836253096521 -1.185145755011501 -1.184856669934526 -1.184508570035816 -1.1840928299289728 -1.183599940360691 -1.1830194544130778 -1.1823399437320438 -1.1815489721957053 -1.180633097082573 -1.1795779109887323 -1.1783681414124891 -1.1769878288891182 -1.175420608457376 -1.1736501224761313 -1.1716605944989104 -1.1694375928545905 -1.1669690072876164 -1.1642462508328093 -1.1612656804856777 -1.158030203137249 -1.1545509977102721 -1.150849242226555 -1.146957689734429 -1.142921896313404 -1.1388008767436432 -1.1346669590757265 -1.130604637655929 -1.1267082910831178 -1.1230787368158015 -1.1198187292514045 -1.11702765601979 -1.114795823370985 -1.1131988088618547 -1.1122921843402826 -1.1037413156287285 -1.060934111296888 -0.9512106764770821 -0.7195213524298435 -0.3623193357995098 -0.0735828832855614 -2.1577245164301293E-3 5.469940740684407E-6 8.165688963404602E-9 3.096790978448572E-14 -3.355019709072811E-17 -2.3586337805400172E-22 -2.193669891000355E-28 -4.832792799565189E-35 -4.75499893271494E-42 -4.888913088443588E-49 -2.7740250131807968E-55 -8.155713494420371E-61 -1.539813983501558E-64 -1.228173753857959E-66
 -1.185840501226193 -1.1858403897904761 -1.1858398061791513 -1.185838090008219 -1.1858342789266786 -1.18582709929358 -1.185814953829876 -1.1857959061242993 -1.185767661842099 -1.1857275464588374 -1.1856724793193784 -1.1855989438081706 -1.1855029534167755 -1.1853800135167376 -1.1852250787026421 -1.1850325056786765 -1.184796001845681 -1.184508570035816 -1.184162450279188 -1.1837490601220421 -1.1832589359108556 -1.1826816786823031 -1.1820059099306745 -1.1812192446351177 -1.1803082915725753 -1.1792586941308467 -1.1780552285068137 -1.1766819801437136 -1.175122623169372 -1.1733608308487581 -1.171380846775442 -1.1691682454962808 -1.1667109060066118 -1.164000210419379 -1.1610324615465732 -1.157810486088506 -1.1543453546357111 -1.1506581075068516 -1.1467813306446748 -1.1427603850448098 -1.1386540654872636 -1.1345344598735547 -1.1304858086468236 -1.1266022305354941 -1.1229842859561751 -1.1197344844033074 -1.1169519900168507 -1.1147269156684478 -1.1131346833379325 -1.1122307540967815 -1.1037046408176276 -1.0610063736038335 -0.9514868148019598 -0.7200266384162579 -0.3628307219036371 -0.07377500930830148 -2.168687049729262E-3 5.468190870925529E-6 8.202975613752651E-9 3.271731652154841E-14 -3.364537284307043E-17 -2.3679672839711406E-22 -2.2040613383631663E-28 -4.8600448365405E-35 -4.787176479902759E-42 -4.932082105435924E-49 -2.8000100658440926E-55 -8.39687432684049E-61 -1.5576284434593706E-64 -1.2390995025400052E-66
 -1.1854155866076705 -1.18541547594852 -1.1854148964041957 -1.1854131921924746 -1.1854094076673131 -1.185402278058442 -1.1853902172039736 -1.1853713021541534 -1.1853432544938136 -1.1853034182036834 -1.1852487338580914 -1.185175708941631 -1.1850803840661994 -1.184958294890453 -1.1848044295990101 -1.1846131819049343 -1.184378299720578 -1.1840928299289728 -1.1837490601220421 -1.1833384588035187 -1.182851616445333 -1.1822781910074582 -1.181606863159084 -1.180825308545851 -1.1799201970887345 -1.1788772324877077 -1.1776812487755226 -1.1763163847412163 -1.174766360961639 -1.1730148874484485 -1.17104623165455 -1.168845975589163 -1.1664019855778076 -1.1637056071229288 -1.1607530788140172 -1.1575471322514563 -1.154098709507138 -1.1504286874940381 -1.146569453815247 -1.142566137874153 -1.138477273233033 -1.1343746626042465 -1.1303422448604265 -1.1264738300254384 -1.122869673127953 -1.119631992657977 -1.1168596871629843 -1.114642639681855 -1.1130560872727082 -1.11215535932625 -1.1036586503846328 -1.061089807362898 -0.9518126234298516 -0.7206253568244745 -0.36343794611242186 -0.07400355730184888 -2.1817583556384546E-3 5.4659599962399974E-6 8.247437071013662E-9 3.481103821650307E-14 -3.375855942731349E-17 -2.379086196969464E-22 -2.2164486234138385E-28 -4.892547522336459E-35 -4.82556994438584E-42 -4.983617886298443E-49 -2.8310297769962745E-55 -8.685166423908849E-61 -1.5788948774717133E-64 -1.2521325852635825E-66
 -1.1849119008946606 -1.1849117911493225 -1.1849112163908008 -1.1849095262519504 -1.1849057729767213 -1.1848987022333448 -1.1848867409419148 -1.184867981993434 -1.1848401657060145 -1.1848006578363141 -1.1847464239404965 -1.184673999863279 -1.184579458130944 -1.1844583700435218 -1.1843057633143208 -1.1841160752091646 -1.1838831013161497 -1.183599940360691 -1.1832589359108556 -1.182851616445333 -1.1823686361426111 -1.181799719966319 -1.181133618244612 -1.1803580780442948 -1.179459841277695 -1.1784246826667732 -1.1772375043629812 -1.1758825080019965 -1.1743434689037675 -1.172604140417817 -1.170648818180697 -1.1684630930987083 -1.1660348167085432 -1.1633552915504157 -1.1604206807500887 -1.157233604090205 -1.1538048524686965 -1.1501551105275362 -1.146316532433342 -1.142333974953985 -1.1382656640759558 -1.1341830666441554 -1.1301697663051046 -1.1263192093886325 -1.12273129107641 -1.1195078869063395 -1.1167475823775148 -1.1145399895958745 -1.1129601276060794 -1.1120631705401271 -1.1036010994664346 -1.061184757079537 -0.9521933822524298 -0.7213286141044014 -0.364152976260869 -0.0742732615932274 -2.1972262154561026E-3 5.463118190813836E-6 8.300053598665209E-9 3.729954221052263E-14 -3.389208263258438E-17 -2.3922297375860834E-22 -2.231102754637441E-28 -4.931021145978586E-35 -4.87103923152663E-42 -5.044690059964736E-49 -2.8677872251358415E-55 -9.027350832423742E-61 -1.6040954741903056E-64 -1.267563024121008E-66
 -1.184318810040482 -1.1843187013620408 -1.1843181321910392 -1.1843164584825545 -1.184312741692262 -1.1843057396755578 -1.18429389462607 -1.1842753179292266 -1.1842477717747752 -1.1842086473434296 -1.1841549393585866 -1.1840832167766752 -1.1839895893858518 -1.1838696700999646 -1.1837185327856165 -1.18353066556142 -1.183299919683686 -1.1830194544130778 -1.1826816786823031 -1.1822781910074582 -1.181799719966319 -1.1812360687776473 -1.1805760691328563 -1.179807551528922 -1.1789173419853276 -1.177891298212459 -1.1767144019751618 -1.175370928383164 -1.173844716785973 -1.1721195712631804 -1.1701798205033611 -1.1680110659588578 -1.1656011420646783 -1.1629413013643423 -1.160027619027962 -1.156862584412002 -1.1534568119964776 -1.1498307619634802 -1.1460163158797986 -1.1420580120527545 -1.138013717106986 -1.1339545053800523 -1.1299635452971212 -1.1261338579802682 -1.1225649178185412 -1.1193581992401924 -1.11661192154862 -1.1144153798732585 -1.1128433381639626 -1.1119507888677404 -1.1035292083527905 -1.0612911902516766 -0.9526343209778666 -0.722147932321144 -0.36498845743424435 -0.07458919598407426 -2.2154042032269676E-3 5.459500323581754E-6 8.361893809925696E-9 4.0239100270866996E-14 -3.404842845264814E-17 -2.4076569512884492E-22 -2.2483185386020686E-28 -4.976251925083323E-35 -4.9245255567544394E-42 -5.116583225107696E-49 -2.91105431369072E-55 -9.430914590739946E-61 -1.633759640287602E-64 -1.2857076761918621E-66
 -1.183624691198814 -1.1836245837568113 -1.1836240210612254 -1.1836223663939955 -1.1836186918863416 -1.183611769517452 -1.1836000591815634 -1.183581693697529 -1.1835544606024082 -1.1835157805413485 -1.1834626820403997 -1.183391772430328 -1.1832992046838597 -1.1831806399438096 -1.1830312055678313 -1.18284544861359 -1.1826172848595217 -1.1823399437320438 -1.1820059099306745 -1.181606863159084 -1.181133618244612 -1.1805760691328563 -1.1799231418547377 -1.1791627636550263 -1.1782818581007541 -1.1772663791708883 -1.1761014010072081 -1.1747712840029007 -1.173259941868 -1.1715512376517798 -1.1696295385452433 -1.1674804584364006 -1.1650918121629234 -1.1624547945461212 -1.1595653790257371 -1.1564259039728546 -1.1530467795246073 -1.1494482057627328 -1.1456617482582236 -1.1417315760461854 -1.1377151389328314 -1.1336830558704744 -1.1297180134240878 -1.1259125391473858 -1.1223656188747417 -1.119178261233652 -1.1164482601895844 -1.1142645426400452 -1.1127015761489991 -1.1118141420446958 -1.1034395539230106 -1.0614085701769688 -0.9531404646091568 -0.723095087665057 -0.3659576106243635 -0.07495675690933448 -2.2366324043811875E-3 5.4548974850284934E-6 8.434117335397779E-9 4.3692366940356976E-14 -3.423023210906005E-17 -2.4256467512013807E-22 -2.2684150891157384E-28 -5.029094285365314E-35 -4.987055064095635E-42 -5.200703385105481E-49 -2.961675527167227E-55 -9.90412927014184E-61 -1.6684665639690477E-64 -1.306911220684379E-66
 -1.182816908901716 -1.1828168028825434 -1.1828162476385803 -1.182814614883188 -1.18281098903253 -1.1828041583188446 -1.182792603005509 -1.1827744805760911 -1.1827476077364491 -1.1827094390385026 -1.1826570419076458 -1.1825870678354146 -1.182495719491487 -1.1823787135216745 -1.182231238843674 -1.1820479103468481 -1.1818227180692668 -1.1815489721957053 -1.1812192446351177 -1.180825308545851 -1.1803580780442948 -1.179807551528922 -1.1791627636550263 -1.1784117530802158 -1.1775415557249033 -1.1765382364729823 -1.175386975919016 -1.1740722327746195 -1.1725780065283015 -1.17088822832607 -1.1689873099293663 -1.166860879820801 -1.1644967305814051 -1.1618859908998755 -1.1590245174177911 -1.1559144749802165 -1.152566038720585 -1.1489991094455866 -1.1452448889885797 -1.1413471211685397 -1.1373627756681 -1.1333619467298354 -1.1294267655412104 -1.12564919062583 -1.1221276444204215 -1.1189625982633222 -1.116251355394826 -1.1140824177893968 -1.1125299109392767 -1.1116483724780592 -1.1033279510424103 -1.061535709566714 -0.9537164434826619 -0.7241818981252979 -0.3670740875415637 -0.07538163309211145 -2.2612776408721946E-3 5.449046916339697E-6 8.517975881420803E-9 4.7728967838622294E-14 -3.444025964436479E-17 -2.4464974361251813E-22 -2.2917358391601704E-28 -5.090472005476145E-35 -5.059741269378103E-42 -5.298583089797111E-49 -3.020570879623098E-55 -1.0456106404879827E-60 -1.7088472116284374E-64 -1.3315466856043008E-66
 -1.1818818195737101 -1.1818817151807543 -1.1818811684535908 -1.1818795607422216 -1.1818759905038405 -1.181869264547053 -1.181857886416084 -1.1818400417850654 -1.1818135806984555 -1.1817759964623157 -1.181724400962818 -1.1816554961664806 -1.1815655415465928 -1.1814503171900705 -1.1813050823807762 -1.1811245295454833 -1.1809027336106063 -1.180633097082573 -1.1803082915725753 -1.1799201970887345 -1.179459841277695 -1.1789173419853276 -1.1782818581007541 -1.1775415557249033 -1.1766835993230164 -1.1756941806988756 -1.174558602312785 -1.1732614354822747 -1.1717867780083437 -1.1701186391786164 -1.1682414820417421 -1.166140952133934 -1.1638048169851247 -1.16122413008057 -1.1583946149204507 -1.1553182383095246 -1.1520049069753452 -1.1484741797183692 -1.1447568425041836 -1.1408961527939878 -1.1369485309027933 -1.1329834704768637 -1.1290824667912457 -1.1253368266176257 -1.1218443268984596 -1.1187048232189724 -1.1160150562877941 -1.1138630408701124 -1.1123225101717528 -1.1114477223145227 -1.1031893283799474 -1.0616706073357196 -0.9543662660847958 -0.7254199531755819 -0.36835177257074847 -0.07586975789440752 -2.2897329760745372E-3 5.441620423358715E-6 8.614811924221269E-9 5.242606599958515E-14 -3.4681380042081515E-17 -2.4705254921376136E-22 -2.3186478410367985E-28 -5.161377666729435E-35 -5.143785667552955E-42 -5.4118844017001725E-49 -3.088737519426876E-55 -1.1096844970413925E-60 -1.7555853838563447E-64 -1.360015278837113E-66
 -1.180804817766677 -1.180804715220079 -1.1808041781625797 -1.1808025988853201 -1.1807990917871751 -1.1807924847677304 -1.180781307803548 -1.1807637785755031 -1.1807377849799003 -1.1807008643235852 -1.1806501789732055 -1.1805824882049675 -1.1804941159884647 -1.1803809144449077 -1.180238222757759 -1.1800608213993122 -1.1798428816929271 -1.1795779109887323 -1.1792586941308467 -1.178877232487708 -1.1784246826667732 -1.177891298212459 -1.1772663791708883 -1.1765382364729823 -1.1756941806988756 -1.174720547961975 -1.1736027793383092 -1.172325574296283 -1.170873142609927 -1.1692295826883833 -1.1673794162573833 -1.1653083086976867 -1.1630039995981555 -1.1604574575558872 -1.1576642553634031 -1.1546261353535771 -1.1513526997621654 -1.1478631191511685 -1.1441877071492696 -1.140369168559684 -1.1364632991718748 -1.1325389095947391 -1.128676771626829 -1.1249674502747808 -1.1215079875876476 -1.1183975378954356 -1.115732201078927 -1.1135994367415824 -1.1120725309952526 -1.1112054233419053 -1.1030176059715584 -1.0618102735874863 -0.9550930549344085 -0.7268202791734546 -0.36980452226478943 -0.07642723988530886 -2.322416203971786E-3 5.432211388926674E-6 8.726054051749794E-9 5.786885718455924E-14 -3.4956525487265756E-17 -2.4980634338746043E-22 -2.349540077850295E-28 -5.242869669371872E-35 -5.240475618996137E-42 -5.5423984788309754E-49 -3.167249258747949E-55 -1.1837263914084891E-60 -1.8094173213011355E-64 -1.3927452129661795E-66
 -1.1795704411637797 -1.1795703406997124 -1.179569814548792 -1.1795682673428324 -1.1795648314616076 -1.179558358593595 -1.1795474085289217 -1.1795302350496132 -1.1795047687461537 -1.179468596555492 -1.1794189377836556 -1.1793526163501357 -1.1792660289754293 -1.179155109036408 -1.1790152858472371 -1.1788414392038846 -1.1786278491799908 -1.1783681414124891 -1.1780552285068137 -1.1776812487755226 -1.1772375043629812 -1.1767144019751618 -1.1761014010072081 -1.175386975919016 -1.174558602312785 -1.1736027793383092 -1.1725051047426464 -1.1712504229234876 -1.1698230704014058 -1.1682072466211046 -1.1663875400627226 -1.1643496391065486 -1.162081252466521 -1.1595732536258693 -1.1568210459748913 -1.1538261191418748 -1.1505977322371048 -1.1471546180035476 -1.143526557090035 -1.1397556303548577 -1.13589692816227 -1.1320184892540181 -1.1282002675116271 -1.1245319890069673 -1.1211098643067258 -1.1180322540346723 -1.1153945325242626 -1.1132835306444948 -1.1117720280419445 -1.1109136032159483 -1.102805585494203 -1.0619505513174074 -0.9558987488282568 -0.7283929358930267 -0.371445832597324 -0.07706026646418734 -2.3597669443431506E-3 5.420320699776797E-6 8.853207681573266E-9 6.415092193358317E-14 -3.526863705611321E-17 -2.52945638450669E-22 -2.384820435163285E-28 -5.336065860051177E-35 -5.3511783513381094E-42 -5.692040155757843E-49 -3.2572530505262694E-55 -1.2689209927967855E-60 -1.8711291808881406E-64 -1.4301891213477211E-66
 -1.1781625553468064 -1.1781624572162345 -1.1781619432862238 -1.178160432016422 -1.1781570759343646 -1.178150753384218 -1.1781400575625737 -1.1781232827033747 -1.1780984072368818 -1.1780630737121171 -1.1780145652381988 -1.1779497781714016 -1.177865190755877 -1.1777568274249707 -1.177620218498429 -1.1774503550849941 -1.177241639142414 -1.1769878288891182 -1.1766819801437136 -1.1763163847412163 -1.1758825080019965 -1.175370928383164 -1.1747712840029007 -1.1740722327746195 -1.1732614354822747 -1.172325574296283 -1.1712504229234876 -1.1700209886426102 -1.1686217505626794 -1.1670370219877381 -1.1652514669177305 -1.1632508002817847 -1.1610226970059494 -1.1585579247960782 -1.1558516979621225 -1.1529052235819081 -1.149727376689739 -1.1463363995522606 -1.1427614753290293 -1.139043984995736 -1.135238227205168 -1.1314113739766833 -1.1276424603174728 -1.1240202693823224 -1.1206400767948063 -1.11759935035555 -1.1149926479495395 -1.1129060927147664 -1.1114118940470727 -1.110563223886969 -1.102544868609354 -1.0620859477445507 -0.9567837788341176 -0.7301465424456605 -0.3732884246844649 -0.07777497475438612 -2.4022418693463443E-3 5.405342200888993E-6 8.997839549699688E-9 7.137433168170576E-14 -3.562059286443228E-17 -2.5650570308644594E-22 -2.424910896313755E-28 -5.442132559153528E-35 -5.4773295792959866E-42 -5.862835402456141E-49 -3.35996113641654E-55 -1.3665427086068223E-60 -1.9415514967266752E-64 -1.4728195554652861E-66
