 -1.2094296149613832 -1.2094294865730772 -1.2094288141771845 -1.2094268369215646 -1.2094224460294304 -1.2094141740155754 -1.2094001803669058 -1.2093782335157468 -1.2093456888888431 -1.2092994627718034 -1.2092360016888328 -1.2091512469650913 -1.209040594120128 -1.20889884674676 -1.2087201645745726 -1.2084980055232086 -1.2082250617468122 -1.2078931899975313 -1.2074933371451486 -1.207015462446998 -1.2064484592484212 -1.2057800803014742 -1.2049968729192783 -1.204084132832928 -1.2030258889616785 -1.2018049353695277 -1.2004029313885284 -1.1988005960163563 -1.1969780277901838 -1.1949151856469284 -1.1925925686738063 -1.1899921316005248 -1.1870984664863393 -1.1839002672093306 -1.180392070102344 -1.1765762301007858 -1.1724650471770752 -1.1680829049676717 -1.1634682276384011 -1.1586750107343415 -1.153773648386321 -1.1488507754629164 -1.1440078804191826 -1.1393585293782524 -1.135024173079139 -1.1311286742757591 -1.127791872311194 -1.1251226637870406 -1.123212179444396 -1.1221274230643816 -1.1118910705057172 -1.0605793219985042 -0.9296207515715548 -0.6610699649279527 -0.2835700192221334 -0.03884199702675718 -3.87779956028282E-4 1.3836624257606317E-6 4.3984675246549022E-10 -1.5525055317717483E-15 -3.6665100445172334E-19 -7.538057956936221E-25 -1.8339970079060881E-31 -1.0143411199392898E-38 -2.5716528595408646E-46 -6.268837760076344E-54 -4.99376503850085E-61 -7.618171417905474E-67 -5.276849391695634E-71 -1.700249649543066E-73
 -1.2094294865730772 -1.2094293581850428 -1.2094286857905824 -1.2094267085391734 -1.2094223176563838 -1.2094140456601343 -1.2094000520412344 -1.2093781052367587 -1.2093455606790475 -1.209299334660215 -1.2092358737119521 -1.2091511191678825 -1.2090404665571101 -1.2088987194830975 -1.208720037687253 -1.2084978791022435 -1.208224935896454 -1.2078930648375267 -1.207493212811967 -1.207015339095026 -1.2064483370510608 -1.2057799594521194 -1.204996753632106 -1.2040840153433753 -1.2030257735266152 -1.2018048222669293 -1.2004028209165413 -1.198800488491691 -1.1969779235456226 -1.1949150850278282 -1.1925924720334837 -1.189992039294413 -1.1870983788647802 -1.1839001846090873 -1.1803919928368118 -1.1765761584490896 -1.1724649813723457 -1.168082845184873 -1.1634681739822556 -1.158674963227957 -1.1537736069612181 -1.1488507399511607 -1.1440078505482631 -1.1393585047692238 -1.1350241532484048 -1.1311286586405877 -1.1277918601988998 -1.1251226544475034 -1.1232121720654957 -1.1221274167899992 -1.1118910743580496 -1.0605793699532681 -0.9296208789093457 -0.661070168559913 -0.2835701911425868 -0.03884204098624712 -3.8778098719717915E-4 1.3836637054885422E-6 4.398475962666835E-10 -1.5524765630169825E-15 -3.6665119015098964E-19 -7.538065447512334E-25 -1.8339992721356022E-31 -1.0143425484865307E-38 -2.5716568664312834E-46 -6.268848339136558E-54 -4.9937742603337484E-61 -7.618185000665989E-67 -5.276860709844221E-71 -1.7002533243783566E-73
 -1.2094288141771845 -1.2094286857905824 -1.209428013403615 -1.2094260361742457 -1.2094216453403985 -1.2094133734363385 -1.209399379973372 -1.209377433413377 -1.2093448892180258 -1.2092986637135472 -1.209235203470744 -1.209150449867656 -1.209039798483367 -1.208898052977144 -1.2087193731522862 -1.2084972170096395 -1.2082242767922097 -1.2078924093487881 -1.2074925616534517 -1.2070146930752643 -1.2064476970781958 -1.2057793265390002 -1.2049961289003727 -1.2040834000261038 -1.2030251689690794 -1.2018042299248761 -1.2004022423514593 -1.1987999253622387 -1.1969773775946082 -1.1949145580639648 -1.1925919659071788 -1.18999155586709 -1.1870979199712705 -1.1838997520130787 -1.1803915881795885 -1.1765757831924907 -1.1724646367373117 -1.1680825320877357 -1.1634678929714563 -1.1586747144245144 -1.1537733900064968 -1.1488505539656661 -1.1440076941047943 -1.1393583758831962 -1.1350240493871337 -1.1311285767522043 -1.1277917967604398 -1.1251226055304768 -1.1232121334166424 -1.1221273839257057 -1.111891094529136 -1.0605796210965716 -0.9296215457958742 -0.6610712350138318 -0.2835710915200118 -0.038842271210236374 -3.8778638763627555E-4 1.38367040764671E-6 4.398520154212562E-10 -1.5523248473486206E-15 -3.6665216268534636E-19 -7.538104677006972E-25 -1.8340111303273383E-31 -1.0143500300589634E-38 -2.5716778512834487E-46 -6.268903743715048E-54 -4.993822556867588E-61 -7.61825613620185E-67 -5.276919985227592E-71 -1.7002725702179243E-73
 -1.2094268369215646 -1.2094267085391736 -1.2094260361742457 -1.2094240590096865 -1.2094196683197564 -1.2094113966867916 -1.2093974036823444 -1.209375457841244 -1.209342914711447 -1.209296690719434 -1.209233232551077 -1.2091484817150013 -1.2090378339372394 -1.2088960930411667 -1.2087174190120746 -1.2084952700513011 -1.2082223386212977 -1.207890481809424 -1.2074906468473103 -1.2070127933798684 -1.2064458151639776 -1.2057774653842936 -1.2049942918034057 -1.2040815906127977 -1.2030233911952517 -1.2018024880712634 -1.2004005410096698 -1.198798269409643 -1.1969757721560427 -1.1949130084580086 -1.1925904775750633 -1.1899901342824033 -1.1870965705294667 -1.1838984799003573 -1.180390398222256 -1.176574679689156 -1.1724636232782292 -1.1680816113674208 -1.1634670666026651 -1.1586739827631178 -1.1537727519979328 -1.1488500070237355 -1.1440072340327562 -1.1393579968452931 -1.1350237439358752 -1.131128335913441 -1.1277916101746783 -1.125122461645792 -1.1232120197260873 -1.1221272872449656 -1.1118911538018834 -1.060580359556672 -0.9296235067766154 -0.6610743709593027 -0.2835737391298358 -0.038842948201195694 -3.878022681953045E-4 1.3836901157122812E-6 4.398650103893442E-10 -1.5518787069147775E-15 -3.6665502242684725E-19 -7.538220033902301E-25 -1.8340460002563363E-31 -1.0143720302438133E-38 -2.5717395590634183E-46 -6.269066665834739E-54 -4.993964577306924E-61 -7.618465316606017E-67 -5.277094290345196E-71 -1.700329164510507E-73
 -1.2094224460294304 -1.2094223176563838 -1.2094216453403985 -1.2094196683197564 -1.2094152779494053 -1.209407006918429 -1.2093930149321676 -1.2093710706874307 -1.2093385299237573 -1.2092923092903142 -1.2092288557284205 -1.2091441110367131 -1.2090334712675301 -1.2088917406086685 -1.2087130794495337 -1.2084909464366822 -1.2082180345198518 -1.207886201316188 -1.2074863946292018 -1.2070085747163807 -1.2064416359850103 -1.205773332303488 -1.204990212144748 -1.2040775724279386 -1.2030194432684184 -1.2017986199081838 -1.200396762806388 -1.198794591996793 -1.1969722069137451 -1.1949095671966516 -1.192587172377365 -1.189986977302995 -1.187093573749419 -1.1838956548361356 -1.1803877555911315 -1.1765722290366367 -1.172461372576854 -1.1680795666006991 -1.1634652313519262 -1.1586723578186886 -1.1537713350181626 -1.14884879226581 -1.1440062121775105 -1.1393571549339454 -1.1350230654306356 -1.1311278008864007 -1.1277911956216406 -1.1251221419145993 -1.1232117670438968 -1.1221270723347227 -1.1118912852016598 -1.0605819991618827 -0.929627861132376 -0.661081334516638 -0.2835796184051015 -0.038844451549692265 -3.878375339520351E-4 1.3837338793750195E-6 4.3989386804067236E-10 -1.550887944168478E-15 -3.666613724954247E-19 -7.538476197182864E-25 -1.8341234337019028E-31 -1.0144208848924769E-38 -2.5718765906987794E-46 -6.269428460287425E-54 -4.994279957115813E-61 -7.618929834912842E-67 -5.2774813654879665E-71 -1.7004548420874304E-73
 -1.2094141740155754 -1.2094140456601343 -1.2094133734363385 -1.2094113966867916 -1.209407006918429 -1.2093987370214211 -1.209384746953106 -1.209362805715447 -1.2093302694088403 -1.2092840551019286 -1.2092206102172322 -1.2091358770996467 -1.2090252524162201 -1.2088835410411837 -1.2087049041251758 -1.2084828011534043 -1.2082099259935186 -1.2078781372606146 -1.207478383835481 -1.2070006271294737 -1.2064337627750998 -1.2057655459286864 -1.2049825264012754 -1.2040700024827151 -1.2030120056683393 -1.2017913325592302 -1.2003896449149267 -1.1987876639645713 -1.1969654901776227 -1.194903084004001 -1.192580945488588 -1.1899810296139761 -1.1870879278291515 -1.1838903323784666 -1.1803827767845158 -1.176567611862287 -1.1724571320530257 -1.1680757139988862 -1.1634617734186554 -1.1586692960430364 -1.1537686649894285 -1.148846503166468 -1.1440042864531452 -1.1393555681740781 -1.1350217864828646 -1.1311267922122048 -1.127790413887553 -1.1251215387990467 -1.123211290230446 -1.1221266666733764 -1.1118915318950055 -1.0605850869199993 -0.9296360628368385 -0.6610944515423526 -0.28359069336695025 -0.03884728354159408 -3.8790397044010874E-4 1.3838163182041627E-6 4.3994823200868914E-10 -1.5490213739757535E-15 -3.6667333330898223E-19 -7.538958747153628E-25 -1.8342693024854807E-31 -1.0145129179252298E-38 -2.57213473430436E-46 -6.270110020595424E-54 -4.994874083204109E-61 -7.61980490974001E-67 -5.2782105613848354E-71 -1.7006916012361056E-73
 -1.2094001803669058 -1.2094000520412344 -1.209399379973372 -1.2093974036823444 -1.2093930149321676 -1.209384746953106 -1.2093707601287364 -1.2093488239771421 -1.2093162952090574 -1.2092700916026026 -1.2092066613942014 -1.209121947852673 -1.2090113486847493 -1.2088696699256671 -1.2086910740136151 -1.2084690218522511 -1.2081962088617548 -1.2078644953451176 -1.2074648320052006 -1.2069871822050108 -1.2064204436493148 -1.2057523736728683 -1.204969524349913 -1.2040571962887103 -1.2029994233186587 -1.201779004339604 -1.2003776033105595 -1.1987759434825522 -1.196954127075878 -1.1948921159114085 -1.1925704109018331 -1.189970967259011 -1.1870783758791474 -1.1838813275264938 -1.1803743531776074 -1.176559799914279 -1.1724499571663657 -1.1680691952389243 -1.1634559221973184 -1.1586641148798941 -1.1537641464252097 -1.1488426289053854 -1.1440010268045512 -1.1393528818508582 -1.1350196207944156 -1.1311250836662174 -1.1277890891899025 -1.1251205162184816 -1.1232104812785794 -1.1221259780689722 -1.1118919466922574 -1.0605903071700533 -0.929649933148452 -0.6611166365551457 -0.28360942568710106 -0.03885207387529718 -3.8801635782288696E-4 1.3839557560388506E-6 4.4004019566947216E-10 -1.545863516820211E-15 -3.666935610087039E-19 -7.53977496085983E-25 -1.8345160419675911E-31 -1.0146685958964003E-38 -2.572571400461244E-46 -6.271262931416577E-54 -4.995879101990063E-61 -7.621285164827456E-67 -5.2794440840978625E-71 -1.7010921079211603E-73
 -1.2093782335157465 -1.2093781052367587 -1.209377433413377 -1.209375457841244 -1.2093710706874307 -1.209362805715447 -1.2093488239771421 -1.2093268957997826 -1.2092943788510648 -1.2092481920214523 -1.2091847848234451 -1.2091001019744775 -1.2089895428113381 -1.20884791518958 -1.2086693835660824 -1.2084474110684575 -1.2081746955510337 -1.2078430999632192 -1.2074435778646372 -1.2069660956782404 -1.2063995543578618 -1.2057317146537442 -1.2049491321886116 -1.2040371112057277 -1.2029796891940802 -1.2017596686577691 -1.2003587170044203 -1.1987575606552691 -1.1969363045758563 -1.1948749127367517 -1.1925538874114978 -1.189955184171652 -1.1870633930470431 -1.1838672024815808 -1.1803611394602082 -1.1765475452118374 -1.1724387013092603 -1.1680589681218687 -1.1634467417154283 -1.1586559849860367 -1.1537570554263667 -1.1488365481177547 -1.143995909677958 -1.139348663652489 -1.135016218911283 -1.1311223985485654 -1.1277870059189336 -1.1251189066460727 -1.1232092066614214 -1.1221248921485704 -1.1118925908357997 -1.0605984860529382 -0.9296716754450152 -0.661151417951648 -0.28363879672413883 -0.03885958548301072 -3.8819261410487414E-4 1.3841743849003058E-6 4.4018441848197433E-10 -1.5409103876751912E-15 -3.667252692087683E-19 -7.541054788156643E-25 -1.8349029518799461E-31 -1.0149127195700945E-38 -2.5732561628606287E-46 -6.273070901965724E-54 -4.9974551755518184E-61 -7.623606469320139E-67 -5.28137855125127E-71 -1.7017202011107422E-73
 -1.2093456888888431 -1.2093455606790475 -1.2093448892180258 -1.209342914711447 -1.2093385299237573 -1.2093302694088403 -1.2093162952090574 -1.2092943788510646 -1.2092618794209268 -1.2092157174578366 -1.2091523443656901 -1.20906770700903 -1.208957207140727 -1.208815655314396 -1.2086372189790228 -1.2084153645585551 -1.2081427935152213 -1.2078113727209598 -1.2074120599697242 -1.206934826219938 -1.206368577241263 -1.2057010788464621 -1.2049188919179183 -1.204007326086835 -1.202950424266625 -1.2017309943038592 -1.2003307087179793 -1.1987302986294532 -1.1969098730732534 -1.1948493992066895 -1.1925293813209167 -1.1899317755212415 -1.1870411705539238 -1.1838462514243297 -1.180341539201606 -1.176529366439998 -1.1724220030669285 -1.1680437947252861 -1.1634331196948672 -1.1586439202060907 -1.1537465305604268 -1.1488275206541675 -1.1439883106218342 -1.139342397056574 -1.1350111623239556 -1.1311184044120616 -1.127783903892952 -1.1251165067794886 -1.1232073032969571 -1.1221232684884128 -1.1118935316505944 -1.0606105958270557 -0.929703891769582 -0.6612029670283623 -0.28368233330892023 -0.03887072144457651 -3.884539687538816E-4 1.3844984567158531E-6 4.403982666047834E-10 -1.5335642955330959E-15 -3.667722533199504E-19 -7.542952002543219E-25 -1.8354765541431273E-31 -1.0152746527240896E-38 -2.5742714057372593E-46 -6.275751485696428E-54 -4.9997919920758986E-61 -7.627048145492356E-67 -5.284246870802475E-71 -1.7026515028573776E-73
 -1.2092994627718034 -1.209299334660215 -1.2092986637135472 -1.209296690719434 -1.2092923092903145 -1.2092840551019286 -1.2092700916026026 -1.2092481920214523 -1.2092157174578366 -1.209169590791195 -1.2091062661101763 -1.2090216933269897 -1.2089112776239976 -1.2087698333845691 -1.2085915323047793 -1.208369845487584 -1.2080974795164334 -1.2077663068311084 -1.207367291236004 -1.2068904101274908 -1.2063245761111507 -1.2056575621858782 -1.204875936700072 -1.2039650169331312 -1.2029088534985303 -1.201690261826654 -1.200290921693486 -1.1986915708905281 -1.1968723242299386 -1.1948131533934323 -1.1924945655371483 -1.1898985175252285 -1.1870095962832836 -1.183816481937084 -1.1803136871598391 -1.176503532193601 -1.172398270436509 -1.168022226628248 -1.1634137538021125 -1.1586267648536827 -1.1537315611639675 -1.1488146768777964 -1.1439774945346752 -1.139333472466062 -1.1350039554112112 -1.1311127057162295 -1.1277794716094882 -1.1251130712625305 -1.1232045726025021 -1.1221209348560501 -1.111894838509655 -1.0606277584095533 -0.9297496003814214 -0.661276130153606 -0.283744136962286 -0.038886532972314903 -3.888251683643884E-4 1.384958500438265E-6 4.407019788540509E-10 -1.5231275473734787E-15 -3.6683891644363165E-19 -7.545645517991251E-25 -1.836291006877067E-31 -1.0157885882512706E-38 -2.575713079345398E-46 -6.279558091476851E-54 -5.003110537293255E-61 -7.631935550583878E-67 -5.288320455234184E-71 -1.703974137328222E-73
 -1.2092360016888328 -1.2092358737119521 -1.209235203470744 -1.209233232551077 -1.2092288557284205 -1.2092206102172322 -1.2092066613942014 -1.2091847848234451 -1.2091523443656901 -1.2091062661101763 -1.2090430078278113 -1.2089585236109028 -1.208848223345545 -1.2087069266678645 -1.208528811099136 -1.2083073541598547 -1.2080352694576401 -1.2077044370689946 -1.2073058290421563 -1.2068294316037266 -1.2062641667354412 -1.20559781729279 -1.2048169618647672 -1.2039069282213392 -1.2028517775378932 -1.201634335647452 -1.2002362922800007 -1.1986383943781955 -1.196820764679635 -1.1947633810734561 -1.1924467546474444 -1.1898528433088497 -1.186966231488556 -1.183775592622068 -1.1802754278692573 -1.1764680405870555 -1.1723656615039477 -1.1679925866898901 -1.1633871345502821 -1.158603177744 -1.1537109724958953 -1.148797003910109 -1.1439626029552678 -1.13932117547616 -1.1349940145957351 -1.1311048337648268 -1.127773336840348 -1.1251083037984075 -1.1232007719748926 -1.1221176788973217 -1.1118965764218691 -1.0606512473494913 -0.9298122533910882 -0.6613764632147403 -0.2838289161069851 -0.0389082284304169 -3.893347162284755E-4 1.38558956120622E-6 4.411188591888662E-10 -1.5087949269183168E-15 -3.669302955166791E-19 -7.5493408590226655E-25 -1.837408573123467E-31 -1.0164938513511083E-38 -2.577691564245644E-46 -6.284782290745109E-54 -5.0076651335294545E-61 -7.638643038435056E-67 -5.2939117852615984E-71 -1.7057895633774685E-73
 -1.2091512469650913 -1.2091511191678825 -1.209150449867656 -1.2091484817150013 -1.2091441110367131 -1.2091358770996467 -1.209121947852673 -1.2091001019744778 -1.20906770700903 -1.2090216933269897 -1.2089585236109028 -1.2088741575287011 -1.2087640112406563 -1.208622911389345 -1.2084450432660676 -1.2082238929515347 -1.2079521834227198 -1.2076218049426408 -1.2072237405559258 -1.206747988267853 -1.2061834825671315 -1.2055180194572363 -1.204738191187567 -1.2038293395221795 -1.2027755397259871 -1.2015596315094785 -1.2001633178820261 -1.1985673579952322 -1.1967518851611544 -1.194696885552229 -1.192382875504369 -1.189791814320353 -1.186908283107787 -1.1837209463825963 -1.1802242899514416 -1.1764205946521733 -1.1723220609772493 -1.1679529467558615 -1.163351524203147 -1.158571612303944 -1.153683407044362 -1.1487733281053806 -1.1439426376546664 -1.1393046715119241 -1.1349806539339766 -1.1310942331339715 -1.1277650537653067 -1.1251018448397804 -1.1231956028744212 -1.1221132364424122 -1.1118987963815167 -1.060682487233335 -0.9298957532973733 -0.6615102671927909 -0.283942020678221 -0.03893718333096178 -3.9001514787741366E-4 1.3864314569618346E-6 4.416754969878964E-10 -1.4896447928461756E-15 -3.670520859946174E-19 -7.554271765926118E-25 -1.8389001417913102E-31 -1.0174352391554956E-38 -2.5803326442623934E-46 -6.291756423363774E-54 -5.013745752159698E-61 -7.647597304308579E-67 -5.301377337671907E-71 -1.7082135254276255E-73
 -1.209040594120128 -1.2090404665571101 -1.2090397984833671 -1.2090378339372394 -1.2090334712675301 -1.2090252524162201 -1.2090113486847493 -1.2089895428113381 -1.208957207140727 -1.2089112776239976 -1.208848223345545 -1.2087640112406563 -1.2086540656474111 -1.208513222340681 -1.2083356767394155 -1.2081149260818822 -1.2078437055573834 -1.2075139187064332 -1.2071165629069262 -1.206641651517184 -1.2060781353284864 -1.2054138274826726 -1.204635338035731 -1.2037280269936927 -1.2026759879883355 -1.2014620788211951 -1.2000680198138378 -1.1984745860355401 -1.1966619245864136 -1.1946100324413366 -1.192299432783328 -1.1897120867412636 -1.1868325710986067 -1.1836495387527992 -1.180157455505807 -1.1763585728495282 -1.1722650518702577 -1.1679011005548551 -1.163304930911177 -1.1585302919580855 -1.1536473011543915 -1.1487422928912818 -1.1439164396389664 -1.1392829859197126 -1.1349630662001557 -1.131080243630763 -1.127754085667293 -1.1250932548651733 -1.1231886945130435 -1.1221072754263161 -1.1119015214280216 -1.0607230492829922 -0.9300044669302238 -0.6616846233785932 -0.2840894783356053 -0.03897495121887817 -3.909033447836758E-4 1.3875290463480398E-6 4.4240201639036454E-10 -1.4646286135438507E-15 -3.67210662875598E-19 -7.560701909884537E-25 -1.8408457969124146E-31 -1.0186633954570105E-38 -2.583778586487157E-46 -6.300856501721964E-54 -5.02168060332876E-61 -7.659281112164449E-67 -5.3111208913840784E-71 -1.7113771272589004E-73
 -1.20889884674676 -1.2088987194830975 -1.208898052977144 -1.2088960930411667 -1.2088917406086685 -1.2088835410411837 -1.2088696699256671 -1.20884791518958 -1.208815655314396 -1.2087698333845691 -1.2087069266678645 -1.208622911389345 -1.208513222340681 -1.2083727069705565 -1.208195573644055 -1.207975333862246 -1.207704738425643 -1.2073757078477431 -1.2069792578291913 -1.2065054213549677 -1.2059431700571572 -1.205280338987232 -1.2045035609656091 -1.20359821932 -1.2025484311643634 -1.201337077430792 -1.1999459005769166 -1.198355696026713 -1.1965466285139043 -1.1944987088318306 -1.1921924689269602 -1.1896098722742618 -1.186735490141973 -1.1835579605879451 -1.1800717238536226 -1.1762789939276234 -1.1721918815300083 -1.1678345309365067 -1.163245077188673 -1.158477179857633 -1.153600856002694 -1.1487023309627164 -1.1438826625130482 -1.139254978428604 -1.134940298349794 -1.131062076640941 -1.127739782025597 -1.1250819920609651 -1.1231795819537697 -1.1220993742238127 -1.1119047271540603 -1.0607746416332257 -0.9301432349331021 -0.6619074263324052 -0.28427803122418476 -0.039023275317668075 -3.9204088842465125E-4 1.3889324996631844E-6 4.433323558783613E-10 -1.432558726799785E-15 -3.6741309527454657E-19 -7.568926683461008E-25 -1.8433354293277016E-31 -1.0202352182273656E-38 -2.588189324435628E-46 -6.312505407521488E-54 -5.031839003317525E-61 -7.6742373970176E-67 -5.323597223712327E-71 -1.7154280326274934E-73
 -1.2087201645745726 -1.208720037687253 -1.2087193731522862 -1.2087174190120746 -1.2087130794495337 -1.2087049041251758 -1.2086910740136151 -1.2086693835660822 -1.2086372189790228 -1.2085915323047793 -1.208528811099136 -1.2084450432660676 -1.2083356767394155 -1.208195573644055 -1.2080189586209582 -1.2077993611025201 -1.2075295515159407 -1.2072014717137067 -1.2068061604327211 -1.2063336753339264 -1.2057730142523714 -1.205112039786993 -1.2043374133812472 -1.2034345476875545 -1.2023875893477087 -1.2011794483811646 -1.1997918950843717 -1.1982057504825258 -1.1964012014916802 -1.1943582762930844 -1.1920575178678851 -1.1894808926592888 -1.186612965021438 -1.183442354375461 -1.1799634688463931 -1.176178475289165 -1.172099421114034 -1.167750370502832 -1.163169361729839 -1.1584099418962527 -1.1535420018104445 -1.1486516296687101 -1.143839738997067 -1.1392193107290637 -1.1349112200701421 -1.131038784538352 -1.127721348650755 -1.1250673830299762 -1.1231676772264007 -1.122088992995025 -1.1119083151770003 -1.0608390924720716 -0.9303173744888182 -0.6621874121931203 -0.284515171913436 -0.03908410075350467 -3.9347445673739524E-4 1.390697562051846E-6 4.445045790243275E-10 -1.3920940846629613E-15 -3.6766715103965776E-19 -7.579275019819732E-25 -1.8464693822589525E-31 -1.0222142962313714E-38 -2.593743737143177E-46 -6.32717636791303E-54 -5.044634514291919E-61 -7.693073724921105E-67 -5.339316204393472E-71 -1.720531795202536E-73
 -1.2084980055232086 -1.2084978791022435 -1.2084972170096395 -1.2084952700513014 -1.2084909464366822 -1.2084828011534043 -1.2084690218522511 -1.2084474110684575 -1.2084153645585551 -1.208369845487584 -1.2083073541598547 -1.2082238929515347 -1.2081149260818822 -1.207975333862246 -1.2077993611025201 -1.2075805594555761 -1.2073117236702861 -1.206984822043025 -1.2065909218583681 -1.2061201113575266 -1.2055614208489657 -1.2049027470722935 -1.2041307869458555 -1.2032309894682646 -1.2021875378812485 -1.2009833782607708 -1.1996003154153636 -1.1980192021124307 -1.1962202527767864 -1.1941835171603418 -1.191889551944943 -1.1893203272810104 -1.1864603989851496 -1.183298363414337 -1.1798285889235946 -1.1760531839840726 -1.1719841175695597 -1.1676453546161635 -1.1630748134769972 -1.158325901856592 -1.153468354070063 -1.148588088303191 -1.1437858392446778 -1.1391744057608412 -1.1348744839581497 -1.1310092216519074 -1.1276978093195775 -1.1250485849558795 -1.1231522318681317 -1.122075436438739 -1.1119120778659372 -1.0609183239050345 -0.9305326725071344 -0.6625341793564853 -0.2848091767493393 -0.03915958710365484 -3.9525626454133336E-4 1.3928857948395845E-6 4.4596121684320073E-10 -1.3417237186786838E-15 -3.6798128704698386E-19 -7.592111178587894E-25 -1.8503591186540048E-31 -1.0246713691288992E-38 -2.600641012241893E-46 -6.34539668625621E-54 -5.060528342514E-61 -7.716467078332229E-67 -5.35884728716111E-71 -1.7268733177909817E-73
 -1.2082250617468122 -1.208224935896454 -1.2082242767922097 -1.2082223386212977 -1.2082180345198518 -1.2082099259935186 -1.2081962088617548 -1.2081746955510337 -1.2081427935152213 -1.2080974795164334 -1.2080352694576401 -1.2079521834227198 -1.2078437055573834 -1.207704738425643 -1.2075295515159407 -1.2073117236702861 -1.2070440793980767 -1.206718619353551 -1.2063264457540805 -1.2058576842618393 -1.2053014049240431 -1.2046455462608036 -1.2038768486056812 -1.2029808054412114 -1.20194164480667 -1.2007423569142421 -1.1993647888230243 -1.1977898321663216 -1.1959977350594992 -1.1939685736839944 -1.1916829215258657 -1.1891227533152912 -1.1862726144681032 -1.183121073165758 -1.1796624491435354 -1.1758987794704072 -1.1718419371705137 -1.1675157657522514 -1.1629580368216623 -1.15822198748064 -1.1533771604932898 -1.1485092659239146 -1.143718819508995 -1.1391183971834832 -1.1348284757338373 -1.1309719951410546 -1.1276679572136576 -1.125024537489453 -1.1231322891289676 -1.1220578061784642 -1.1119156524152824 -1.0610143140782992 -0.9307953659592707 -0.6629581978601696 -0.28516913437418156 -0.039252120921459056 -3.9744454863485575E-4 1.3955647768420144E-6 4.4774964137048382E-10 -1.279747643124674E-15 -3.6836461980215445E-19 -7.607836416630981E-25 -1.8551278934754327E-31 -1.0276848028497022E-38 -2.609102074428658E-46 -6.367751686488677E-54 -5.080032968294712E-61 -7.745168913476109E-67 -5.382824386084692E-71 -1.734658436744286E-73
 -1.2078931899975313 -1.2078930648375267 -1.2078924093487881 -1.207890481809424 -1.207886201316188 -1.2078781372606146 -1.2078644953451176 -1.2078430999632192 -1.2078113727209598 -1.2077663068311084 -1.2077044370689946 -1.2076218049426408 -1.2075139187064332 -1.2073757078477431 -1.2072014717137067 -1.206984822043025 -1.206718619353551 -1.2063949034513334 -1.2060048188222007 -1.2055385364087101 -1.2049851743448052 -1.2043327217101775 -1.2035679713789915 -1.2026764706712544 -1.2016425018477596 -1.2004491085473902 -1.1990781889805268 -1.1975106818432381 -1.195726876058966 -1.1937068798389887 -1.1914312870599197 -1.1888820780572222 -1.1860437857300714 -1.1829049442373025 -1.1794598145515984 -1.1757103474048367 -1.1716682997675653 -1.1673573682449305 -1.1628151468749214 -1.1580946662907753 -1.1532652373996867 -1.148412318314916 -1.143636159673068 -1.1390490674551583 -1.1347712528326565 -1.1309254040513865 -1.1276302943729965 -1.124993902521414 -1.1231066239733391 -1.1220349408941228 -1.1119184622083506 -1.061129044796407 -0.9311121054825514 -0.663470803038534 -0.28560496658985207 -0.03936432776866976 -4.001040967901323E-4 1.3988082424479344E-6 4.4992246879349465E-10 -1.2042549102016201E-15 -3.6882686981690732E-19 -7.626890437328674E-25 -1.8609114079215134E-31 -1.031341068512817E-38 -2.6193710515906736E-46 -6.394888807224912E-54 -5.103715962511102E-61 -7.780010406644151E-67 -5.411951104586137E-71 -1.7441156211746911E-73
 -1.2074933371451486 -1.207493212811967 -1.2074925616534517 -1.2074906468473103 -1.2074863946292018 -1.207478383835481 -1.2074648320052006 -1.2074435778646372 -1.2074120599697242 -1.207367291236004 -1.2073058290421563 -1.2072237405559258 -1.2071165629069264 -1.2069792578291913 -1.2068061604327211 -1.2065909218583681 -1.2063264457540805 -1.2060048188222007 -1.2056172361793722 -1.205153923008773 -1.2046040550490375 -1.203955681950075 -1.2031956595335613 -1.2023095996258721 -1.2012818494607282 -1.200095516705679 -1.1987325608831094 -1.197173977113663 -1.1954001032639376 -1.1933910859843717 -1.1911275436592092 -1.188591463430133 -1.1857673633015863 -1.18264373677907 -1.1792147745435215 -1.1754823239938163 -1.1714580031513512 -1.1671653326884423 -1.1626416939373951 -1.157939870156342 -1.1531288944072901 -1.1482939228253925 -1.1435348882559526 -1.13896377301748 -1.13470046977209 -1.1308673648562947 -1.127582957395967 -1.1249549900142417 -1.1230736690091254 -1.1220053423072626 -1.1119196433667986 -1.0612644316383477 -0.9314898978192436 -0.6640841681519889 -0.2861274380526503 -0.039499083130083163 -4.0330681751547575E-4 1.402696127142735E-6 4.525379885013588E-10 -1.1130985509785945E-15 -3.6937827192112044E-19 -7.649752481221729E-25 -1.8678584145470335E-31 -1.0357352084806263E-38 -2.6317167384169073E-46 -6.42752175010194E-54 -5.1322039184197346E-61 -7.821907765345513E-67 -5.447006256383249E-71 -1.755497767301902E-73
 -1.207015462446998 -1.207015339095026 -1.2070146930752643 -1.2070127933798684 -1.2070085747163807 -1.2070006271294737 -1.2069871822050108 -1.2069660956782404 -1.206934826219938 -1.2068904101274908 -1.2068294316037266 -1.206747988267853 -1.206641651517184 -1.2065054213549677 -1.2063336753339264 -1.2061201113575266 -1.2058576842618393 -1.2055385364087101 -1.205153923008773 -1.204694133626307 -1.204148412377657 -1.2035048808149884 -1.2027504694900181 -1.2018708668170186 -1.2008504971806903 -1.1996725442897693 -1.1983190404960508 -1.1967710479627964 -1.195008962734571 -1.19301297718806 -1.1907637389131053 -1.1882432432598313 -1.185435990693046 -1.182330426608492 -1.1789206583939662 -1.1752084109222431 -1.1712051373865923 -1.1669341496916296 -1.1624325766976684 -1.1577529079691941 -1.152963846626086 -1.148150190128164 -1.1434114937875308 -1.1388593553405985 -1.1346132889210513 -1.130795322003196 -1.1275236278119311 -1.1249056682471132 -1.123031424647132 -1.121967085294148 -1.1119179544985338 -1.0614222334729197 -0.9319360221468106 -0.6648112497778944 -0.286748150483681 -0.03965952138715794 -4.0713234387228415E-4 1.4073144837622068E-6 4.5566061153244285E-10 -1.0038671930954304E-15 -3.700294422478753E-19 -7.676941883099389E-25 -1.8761312319385962E-31 -1.0409712669609359E-38 -2.6464340005966776E-46 -6.466434543777048E-54 -5.166186391206748E-61 -7.871867424283458E-67 -5.488849576119453E-71 -1.769084054774206E-73
 -1.2064484592484212 -1.2064483370510608 -1.2064476970781958 -1.2064458151639776 -1.2064416359850103 -1.2064337627750998 -1.2064204436493148 -1.2063995543578618 -1.206368577241263 -1.2063245761111507 -1.2062641667354412 -1.2061834825671315 -1.2060781353284864 -1.2059431700571572 -1.2057730142523714 -1.2055614208489657 -1.2053014049240431 -1.2049851743448052 -1.2046040550490375 -1.204148412377657 -1.2036075709324507 -1.202969736905996 -1.2022219288270452 -1.2013499252841568 -1.200338241511937 -1.1991701507781526 -1.1978277712311278 -1.1962922440394947 -1.1945440338411013 -1.1925633869724181 -1.1903309855598027 -1.187828834795161 -1.1850414146934 -1.1819571142251694 -1.178569942936817 -1.1748814816623083 -1.1709029897286966 -1.1666575333995967 -1.1621819443756831 -1.1575283664457056 -1.1527651141753771 -1.1479765625283413 -1.143261822001917 -1.1387320371098363 -1.1345062758007684 -1.130706142459372 -1.127449426009631 -1.124843257269131 -1.122977352224016 -1.1219177108247491 -1.111911668022361 -1.0616039383830762 -0.9324579149741457 -0.6656656988130581 -0.2874795161568098 -0.0398490417777516 -4.1166865935605826E-4 1.4127552240468873E-6 4.5936132774724673E-10 -8.738532602630133E-16 -3.7079119115227403E-19 -7.709017874688817E-25 -1.8859061144752003E-31 -1.0471626545059139E-38 -2.6638450404668277E-46 -6.51248532690759E-54 -5.206419687972117E-61 -7.930990870790032E-67 -5.538427458619392E-71 -1.7851818126978554E-73
 -1.2057800803014742 -1.2057799594521194 -1.2057793265390002 -1.2057774653842936 -1.205773332303488 -1.2057655459286864 -1.2057523736728683 -1.2057317146537442 -1.2057010788464621 -1.2056575621858782 -1.20559781729279 -1.2055180194572363 -1.2054138274826724 -1.205280338987232 -1.205112039786993 -1.2049027470722935 -1.2046455462608036 -1.2043327217101775 -1.203955681950075 -1.2035048808149884 -1.202969736905996 -1.2023385552760401 -1.2015984572223756 -1.2007353266824114 -1.1997337850462312 -1.1985772102505687 -1.1972478207430854 -1.1957268500881754 -1.1939948431894582 -1.1920321095903205 -1.1898193719706182 -1.1873386472625804 -1.1845743918651523 -1.1815149291284086 -1.1781541546038036 -1.1744934811525704 -1.1705439418877154 -1.16632831631592 -1.1618830891087605 -1.157260000116587 -1.1525269098532575 -1.1477676994239607 -1.1430809592351973 -1.13857730373856 -1.1343752789195145 -1.1305959940997283 -1.127356788429488 -1.124764405163222 -1.1229082496165674 -1.121854101213493 -1.1118984421705713 -1.0618106234373361 -0.9330630181199785 -0.6666617290472768 -0.28833470439374836 -0.0400713099586288 -4.1701272627459653E-4 1.4191156299829892E-6 4.6371815520368363E-10 -7.200178562834141E-16 -3.716742699059683E-19 -7.74657835724788E-25 -1.897373406199479E-31 -1.0544324053472166E-38 -2.6843004157524276E-46 -6.566609576207404E-54 -5.2537302836314974E-61 -8.000478744211714E-67 -5.596778483847621E-71 -1.8041283165063885E-73
 -1.2049968729192783 -1.204996753632106 -1.2049961289003727 -1.2049942918034057 -1.204990212144748 -1.2049825264012754 -1.204969524349913 -1.2049491321886116 -1.2049188919179183 -1.204875936700072 -1.2048169618647672 -1.204738191187567 -1.204635338035731 -1.2045035609656091 -1.2043374133812472 -1.2041307869458555 -1.203876848605681 -1.2035679713789915 -1.2031956595335613 -1.2027504694900181 -1.2022219288270452 -1.2015984572223756 -1.2008672951439647 -1.2000144487106585 -1.1990246624528 -1.1978814357524154 -1.1965671034697358 -1.1950630064562843 -1.1933497828809012 -1.1914078158177241 -1.1892178752561377 -1.1867619920712044 -1.1840245956434964 -1.1809939336217345 -1.1776637697680676 -1.1740353225435615 -1.1701193630749862 -1.1659383385917663 -1.1615283314726636 -1.156940613121988 -1.152242517303334 -1.1475173519987338 -1.1428631038548837 -1.1383897717986608 -1.1342152955178892 -1.1304602091248867 -1.1272413290497766 -1.1246649480262544 -1.1228201101645445 -1.1217723384493814 -1.111875173981418 -1.0620427866296191 -0.93375858448773 -0.6678139345194807 -0.2893275536753668 -0.04033025340646323 -4.2327108641892303E-4 1.4264975680945965E-6 4.688165571090096E-10 -5.389527536931824E-16 -3.726890378311418E-19 -7.790257304121683E-25 -1.910737387351034E-31 -1.062913273241339E-38 -2.708179665159085E-46 -6.629822404329948E-54 -5.3090175486961993E-61 -8.081633722444667E-67 -5.665038372659302E-71 -1.8262924004047045E-73
 -1.204084132832928 -1.2040840153433753 -1.2040834000261038 -1.2040815906127977 -1.2040775724279386 -1.2040700024827151 -1.2040571962887103 -1.2040371112057277 -1.204007326086835 -1.2039650169331312 -1.2039069282213392 -1.2038293395221795 -1.2037280269936927 -1.20359821932 -1.2034345476875545 -1.2032309894682646 -1.2029808054412114 -1.2026764706712544 -1.2023095996258721 -1.2018708668170186 -1.2013499252841568 -1.2007353266824114 -1.2000144487106585 -1.1991734382102561 -1.1981971815693515 -1.197069318114239 -1.195772316899557 -1.1942876425154405 -1.1925960407808988 -1.1906779797576578 -1.188514284291115 -1.1860870017488984 -1.1833805308860443 -1.1803830326990056 -1.177088119719141 -1.1734967870533934 -1.1696195045803932 -1.1654783372245731 -1.1611089042689277 -1.156561937629377 -1.151904164185136 -1.1472182313500567 -1.1426014296338407 -1.1381630480098094 -1.1340203266189192 -1.1302931356861243 -1.1270976881603236 -1.1245397565146044 -1.1227079676493438 -1.1216675482950921 -1.1118378354414848 -1.0623001508072527 -0.9345514370729228 -0.6691370463981995 -0.2904724408140542 -0.04063004843375848 -4.305603891981734E-4 1.4350063276662837E-6 4.747497906964357E-10 -3.268403913535068E-16 -3.7384503588219586E-19 -7.840720380100392E-25 -1.9262156971497971E-31 -1.0727475948532503E-38 -2.7358913461811347E-46 -6.7032194213657E-54 -5.373255357520824E-61 -8.175861539341886E-67 -5.744443867892938E-71 -1.852075721191388E-73
 -1.2030258889616785 -1.2030257735266152 -1.2030251689690794 -1.2030233911952517 -1.2030194432684184 -1.2030120056683393 -1.2029994233186587 -1.2029796891940802 -1.202950424266625 -1.2029088534985303 -1.2028517775378932 -1.2027755397259871 -1.2026759879883355 -1.2025484311643634 -1.2023875893477087 -1.2021875378812485 -1.20194164480667 -1.2016425018477596 -1.2012818494607282 -1.2008504971806903 -1.200338241511937 -1.1997337850462312 -1.1990246624528 -1.1981971815693515 -1.1972363911198498 -1.1961260906277635 -1.194848902827771 -1.1933864340991078 -1.1917195537240707 -1.1898288273872204 -1.1876951431742972 -1.1853005678902845 -1.182629465898328 -1.1796698997622494 -1.1764153097257097 -1.1728664360791363 -1.1690334047006856 -1.1649378436497577 -1.1606148427170621 -1.156114516664739 -1.1515028977925494 -1.1468618771579288 -1.1422879478497283 -1.1378895852640884 -1.1337832275813617 -1.130087983670767 -1.1269193741707548 -1.124382574539189 -1.1225657327968507 -1.121533735558194 -1.1117812975801117 -1.062581441697274 -0.9354476780850236 -0.6706456201171159 -0.29178409749896966 -0.040975096054399536 -4.390077827194566E-4 1.4447489915850152E-6 4.816191376373929E-10 -7.941349611490247E-17 -3.751504529663216E-19 -7.898658283996253E-25 -1.9440381866316355E-31 -1.0840868292043979E-38 -2.7678722297655252E-46 -6.787975487457974E-54 -5.44749199441584E-61 -8.284669261851748E-67 -5.836334836697667E-71 -1.8819134446866843E-73
 -1.2018049353695277 -1.2018048222669293 -1.2018042299248761 -1.2018024880712634 -1.2017986199081833 -1.2017913325592302 -1.201779004339604 -1.2017596686577691 -1.2017309943038592 -1.201690261826654 -1.201634335647452 -1.2015596315094785 -1.2014620788211953 -1.201337077430792 -1.2011794483811646 -1.2009833782607708 -1.2007423569142421 -1.2004491085473902 -1.200095516705679 -1.1996725442897695 -1.1991701507781526 -1.1985772102505687 -1.1978814357524154 -1.197069318114239 -1.1961260906277635 -1.195035735018858 -1.1937810488959166 -1.1923438000885862 -1.1907049986038782 -1.1888453215928713 -1.1867457296443264 -1.1843883123916272 -1.1817573959425236 -1.178840931889605 -1.175632165594992 -1.172131548644194 -1.168348816753971 -1.164305102102061 -1.1600348930600834 -1.1555876029925344 -1.1510284743834653 -1.146438537792707 -1.141913378656317 -1.1375605459017503 -1.1334955640698205 -1.129836674294017 -1.126698607873384 -1.1241858593514322 -1.122386030419189 -1.1213636195777396 -1.11169915089693 -1.0628841453998814 -0.9364523474601307 -0.6723536441747444 -0.29327736354116756 -0.04136998331304343 -4.4875107736743716E-4 1.455832237425573E-6 4.895339462885635E-10 2.0808304643674994E-16 -3.76611473102863E-19 -7.964777237238753E-25 -1.9644450207980744E-31 -1.0970906570502831E-38 -2.8045853219294773E-46 -6.88534047736663E-54 -5.532847584275092E-61 -8.409659689228706E-67 -5.942153633210934E-71 -1.9162740425222276E-73
 -1.2004029313885284 -1.2004028209165413 -1.2004022423514593 -1.2004005410096698 -1.200396762806388 -1.2003896449149267 -1.2003776033105595 -1.2003587170044203 -1.2003307087179793 -1.200290921693486 -1.2002362922800007 -1.2001633178820263 -1.2000680198138378 -1.1999459005769166 -1.1997918950843717 -1.1996003154153636 -1.1993647888230243 -1.1990781889805268 -1.1987325608831094 -1.1983190404960508 -1.1978277712311278 -1.1972478207430854 -1.1965671034697358 -1.195772316899557 -1.194848902827771 -1.1937810488959166 -1.192551750452424 -1.191142958025325 -1.189535841046748 -1.1877112031948793 -1.1856500877319924 -1.1833346110107656 -1.180749057002537 -1.1778812531392532 -1.1747242259058656 -1.1712781020298708 -1.1675521776813286 -1.163567025884738 -1.159356456347607 -1.154969090428013 -1.1504692782225394 -1.1459370774876944 -1.1414670469892032 -1.1371656871574453 -1.1331474880456062 -1.129529707821696 -1.1264261832485016 -1.1239406369202731 -1.1221600509620324 -1.1211484836173286 -1.1115835351133136 -1.0632042550907332 -0.9375690336132696 -0.6742740636533852 -0.29496686548033745 -0.04181942600992033 -4.5993855814307116E-4 1.4683594587070123E-6 4.986113913334542E-10 5.409240552670046E-16 -3.782314956508666E-19 -8.039785961757739E-25 -1.9876838108218547E-31 -1.1119254952914556E-38 -2.846516293445348E-46 -6.996630927677607E-54 -5.6305080397466404E-61 -8.552520414954353E-67 -6.0634404367455975E-71 -1.9556577817387712E-73
