 -1.1622984441576174 -1.1622983436096718 -1.1622978170204063 -1.1622962685348252 -1.16229282986196 -1.1622863519220807 -1.1622753938343237 -1.162258209180848 -1.162232729471023 -1.1621965447225133 -1.162146881076415 -1.1620805753742842 -1.1619940466507707 -1.1618832645440708 -1.1617437147070261 -1.161570361427999 -1.1613576078603184 -1.1610992545353744 -1.1607884572269842 -1.160417685779412 -1.1599786862520371 -1.1594624497180743 -1.1588591923333593 -1.1581583529091994 -1.1573486162096158 -1.156417972543539 -1.1553538268734475 -1.154143173460246 -1.1527728547254867 -1.1512299250799193 -1.1495021412761186 -1.1475785995012568 -1.1454505348428136 -1.143112289735821 -1.1405624434195322 -1.1378050735630638 -1.1348510941346343 -1.1317195816345977 -1.1284389680488333 -1.125047948302778 -1.1215959293544364 -1.1181428450668653 -1.1147581828671655 -1.1115191196731895 -1.1085077458024445 -1.105807460501311 -1.1034987385297791 -1.1016545748475832 -1.1003359841673256 -1.0995877878714186 -1.0925432591830612 -1.057511782567507 -0.9682766254495783 -0.7766823686615222 -0.45636126827228223 -0.13526724344367635 -9.869315929245693E-3 -2.193894504572329E-5 2.0094682509355326E-7 2.7671308361397567E-11 -4.197847398496613E-15 -8.61120561824103E-20 -1.362760143560113E-25 -2.545208983596731E-31 8.16053852645658E-37 -1.3049036635755255E-43 2.6333365054205892E-47 6.264280070281396E-53 1.376417698446421E-55 6.372007485397981E-57
 -1.1622983436096718 -1.1622982430618835 -1.1622977164734586 -1.16229616799035 -1.1622927293229701 -1.162286251393423 -1.162275293323141 -1.162258108697065 -1.1622326290278504 -1.16219644433698 -1.1621467807699461 -1.1620804751732731 -1.161993946587214 -1.161883164656217 -1.1617436150400608 -1.1615702620347587 -1.1613575088019916 -1.161099155882251 -1.1607883590591714 -1.1604175881875402 -1.1599785893379044 -1.1594623535952315 -1.1588590971275727 -1.1581582587587506 -1.1573485232654157 -1.1564178809689604 -1.1553537368438036 -1.1541430851618963 -1.1527727683544168 -1.1512298408397694 -1.1495020593755422 -1.1475785201506014 -1.1454504582499791 -1.1431122161013866 -1.140562372931111 -1.1378050063889633 -1.1348510304169798 -1.1317195214821451 -1.1284389115297008 -1.125047895437497 -1.1215958801096705 -1.1181427993502626 -1.1147581405237154 -1.1115190804834498 -1.1085077094829696 -1.1058074267073765 -1.1034987068604931 -1.101654544853246 -1.1003359553588418 -1.0995877597315311 -1.0925432371927075 -1.0575117878677011 -0.9682766835190276 -0.7766824938994769 -0.456361420398478 -0.13526732661437251 -9.869326827073758E-3 -2.1939039615888451E-5 2.0094702301324538E-7 2.7671360115823796E-11 -4.1978519720039155E-15 -8.611222220269876E-20 -1.3627660490767146E-25 -2.5452217197201964E-31 8.160533787875225E-37 -1.304922604847445E-43 2.633337063813374E-47 6.264279665940259E-53 1.3764172827069573E-55 6.372008547546069E-57
 -1.1622978170204063 -1.1622977164734586 -1.1622971898894327 -1.1622956414192584 -1.1622922027806052 -1.1622857249051687 -1.1622747669264072 -1.162257582443825 -1.1622321029872897 -1.1621959185983123 -1.1621462554453372 -1.1620799504009566 -1.1619934225347627 -1.161882641523958 -1.161743093064653 -1.161569741492871 -1.1613569900141067 -1.1610986392164881 -1.1607878449350732 -1.160417077079734 -1.1599780817795362 -1.159461850180982 -1.1588585985160908 -1.1581577656742678 -1.1573480364982802 -1.1564174013747434 -1.1553532653406848 -1.1541426227258522 -1.1527723160118592 -1.1512293996571862 -1.1495016304457303 -1.147578104575137 -1.1454500571176908 -1.1431118304627625 -1.1405620037686856 -1.137804654584186 -1.1348506967142186 -1.1317192064509551 -1.128438615526834 -1.1250476185704636 -1.1215956222039045 -1.118142559922095 -1.1147579187613021 -1.1115188752375693 -1.108507519269156 -1.1058072497202555 -1.1034985410005282 -1.101654387765297 -1.1003358044813853 -1.0995876123556402 -1.092543122022983 -1.0575118156233134 -0.968276987636484 -0.7766831497905844 -0.4563622171091174 -0.13526776219401573 -9.869383901018278E-3 -2.193953489888118E-5 2.0094805955486283E-7 2.767163116400651E-11 -4.197875924299843E-15 -8.611309168303456E-20 -1.3627969774404408E-25 -2.5452884213348352E-31 8.160508970799165E-37 -1.3050218040822082E-43 2.6333399881759613E-47 6.26427754837128E-53 1.376415105371516E-55 6.372014110100739E-57
 -1.1622962685348252 -1.1622961679903502 -1.1622956414192584 -1.1622940929871254 -1.1622906544329412 -1.1622841767166176 -1.1622732190069751 -1.1622560349463373 -1.1622305561152102 -1.1621943726139496 -1.162144710678534 -1.1620784072582066 -1.1619918815088094 -1.1618811032038676 -1.1617415581463186 -1.1615682107898732 -1.161355464468846 -1.161097119911423 -1.1607863331038814 -1.1604155741180937 -1.1599765892551854 -1.1594603698426022 -1.1588571323004672 -1.15815631571104 -1.157346605111489 -1.1564159910802613 -1.1553518788384475 -1.1541412628857687 -1.1527709858521557 -1.151228102313916 -1.1495003691322984 -1.1475768825307752 -1.1454488775441897 -1.143110696449108 -1.140560918204095 -1.137803620060599 -1.1348497154204804 -1.1317182800618708 -1.1284377450914722 -1.125046804404965 -1.1215948637949502 -1.118141855847434 -1.114757266633677 -1.1115182716776446 -1.1085069599117802 -1.1058067292566524 -1.1034980532568918 -1.1016539258162265 -1.1003353607945813 -1.0995871789653683 -1.092542783336599 -1.0575118972164891 -0.9682778818875695 -0.7766850784560468 -0.45636455987319363 -0.13526904304196687 -9.869551731251668E-3 -2.1940991330613833E-5 2.0095110757896793E-7 2.767242820806897E-11 -4.197946357741918E-15 -8.611564846839728E-20 -1.3628879253950074E-25 -2.545484564175945E-31 8.160435991908184E-37 -1.3053135096754771E-43 2.6333485870577305E-47 6.264271321895238E-53 1.3764087024525664E-55 6.372030466125811E-57
 -1.16229282986196 -1.1622927293229701 -1.1622922027806052 -1.1622906544329412 -1.1622872160663271 -1.162280738703331 -1.1622697815912947 -1.1622525984676124 -1.162227121025242 -1.1621909394952352 -1.1621412802635058 -1.1620749804495178 -1.1619884594006346 -1.1618776871042844 -1.1617381496006036 -1.1615648116046475 -1.1613520767367797 -1.1610937460362094 -1.1607829758249972 -1.1604122365347571 -1.1599732748486795 -1.1594570824960186 -1.1588538763145923 -1.1581530958149126 -1.1573434264658357 -1.1564128592717757 -1.155348799862563 -1.154138243115356 -1.1527680319894237 -1.1512252213227451 -1.149497568148336 -1.147574168747021 -1.1454462580704698 -1.1431081781448126 -1.1405585074849775 -1.1378013226823091 -1.1348475362435517 -1.1317162228053916 -1.128435812084999 -1.1250449963505537 -1.1215931795527647 -1.1181402922592711 -1.114755818398451 -1.1115169312912693 -1.1085057176810788 -1.1058055733930183 -1.1034969700508645 -1.1016528998893295 -1.1003343754207002 -1.09958621645586 -1.0925420311256404 -1.0575120782754476 -0.9682798675354013 -0.7766893611452614 -0.4563697621671428 -0.1352718872991961 -9.869924420647097E-3 -2.194422561022431E-5 2.009578760980224E-7 2.7674198185097297E-11 -4.1981027641127835E-15 -8.612132622000653E-20 -1.3630898915619534E-25 -2.5459201346609806E-31 8.160273919697912E-37 -1.3059612955997231E-43 2.6333676797429373E-47 6.264257497282725E-53 1.3763944823163798E-55 6.372066781062734E-57
 -1.1622863519220807 -1.162286251393423 -1.1622857249051687 -1.1622841767166176 -1.162280738703331 -1.162274262005896 -1.1622633060195646 -1.1622461246608342 -1.1622206498344607 -1.162184472017702 -1.1621348178789108 -1.162068524858168 -1.16198201266364 -1.1618712516856644 -1.1617317284112025 -1.1615584080475886 -1.1613456947540241 -1.161087390155593 -1.16077665120688 -1.1604059490171212 -1.1599670309892318 -1.1594508896093376 -1.1588477425020797 -1.1581470299846563 -1.157337438339112 -1.156406959372257 -1.1553429994838635 -1.1541325542620846 -1.1527624672865772 -1.151219793888229 -1.149492291423622 -1.147569056281645 -1.1454413232572913 -1.1431034339049566 -1.1405539659039145 -1.137796994602074 -1.1348434308200663 -1.1317123470444274 -1.1284321703748765 -1.1250415900138521 -1.1215900064424715 -1.1181373464263537 -1.1147530898573 -1.1115144059064281 -1.1085033771934591 -1.1058033955963231 -1.1034949291204201 -1.1016509668564942 -1.1003325187782344 -1.0995844028833918 -1.092540613696214 -1.057512418867179 -0.9682836074945754 -0.7766974281964844 -0.45637956172353105 -0.13527724514564481 -9.870626489087911E-3 -2.195031860829569E-5 2.009706264723052E-7 2.767753257875501E-11 -4.198397399053378E-15 -8.613202216853461E-20 -1.3634703687603638E-25 -2.5467406922031206E-31 8.159968561575338E-37 -1.3071816434293283E-43 2.63340363781596E-47 6.264231462515215E-53 1.3763676885719263E-55 6.372135169056955E-57
 -1.1622753938343237 -1.162275293323141 -1.1622747669264072 -1.1622732190069751 -1.1622697815912947 -1.1622633060195646 -1.1622523519372098 -1.1622351735636557 -1.1622097031618863 -1.1621735316255781 -1.1621238861007925 -1.1620576045699044 -1.161971107351318 -1.161860365516829 -1.161720866309157 -1.161547575768255 -1.1613348989646963 -1.1610766385144966 -1.1607659524420608 -1.1603953130027524 -1.1599564688167851 -1.1594404136504627 -1.1588373664592093 -1.1581367689246646 -1.1573273087042574 -1.1563969789619688 -1.1553331873998455 -1.1541229308086085 -1.1527530538172432 -1.1512106125903585 -1.1494833650318345 -1.14756040771337 -1.1454329751650116 -1.1430954081433071 -1.1405462829141825 -1.1377896727224561 -1.1348364855369563 -1.1317057902075371 -1.1284260094068463 -1.125035827152003 -1.1215846380557201 -1.1181323624529397 -1.114748473408008 -1.1115101330730361 -1.1084994170930047 -1.105799710669523 -1.1034914756878357 -1.1016476959209398 -1.1003293770486972 -1.0995813340020945 -1.0925382148485918 -1.057512993537697 -0.9682899319273655 -0.7767110717861975 -0.4563961363439045 -0.13528630757800966 -9.871814043032456E-3 -2.196062583819359E-5 2.0099219355042288E-7 2.7683173114390636E-11 -4.198895770968518E-15 -8.615011521331817E-20 -1.3641139945896387E-25 -2.5481287734963417E-31 8.159451902827812E-37 -1.3092460354830602E-43 2.633464435793054E-47 6.264187448000712E-53 1.3763223489171822E-55 6.37225078329237E-57
 -1.1622582091808477 -1.162258108697065 -1.162257582443825 -1.1622560349463373 -1.1622525984676124 -1.1622461246608342 -1.1622351735636557 -1.162217999870439 -1.1621925364058436 -1.162156374716418 -1.1621067426972013 -1.162040479180824 -1.1619540054424455 -1.1618432936223115 -1.1617038321480503 -1.1615305883650606 -1.1613179687728252 -1.1610597775409954 -1.160749174371328 -1.1603786333161627 -1.1599399049042795 -1.1594239849091232 -1.1588210943726557 -1.1581206771157641 -1.157311422952357 -1.1563813271742846 -1.1553177995254455 -1.154107838682068 -1.1527382909184096 -1.1511962137063214 -1.1494693658078587 -1.1475468440814242 -1.1454198826417831 -1.1430828209946382 -1.1405342331900756 -1.1377781891756484 -1.1348255924489798 -1.1316955061581308 -1.1284163460346794 -1.1250267879657891 -1.121576217363171 -1.1181245444791312 -1.1147412316732405 -1.111503430092404 -1.1084932044458082 -1.105793929467075 -1.1034860574454845 -1.1016425638161484 -1.1003244475264595 -1.0995765186989077 -1.0925344500953411 -1.057513891014731 -0.9682998447326084 -0.7767324612094523 -0.4564221230765334 -0.1353005171452776 -9.873676218903575E-3 -2.1976790590706301E-5 2.0102601169331166E-7 2.7692018880110667E-11 -4.199677243128217E-15 -8.61784884442784E-20 -1.3651233653726692E-25 -2.550305650187391E-31 8.158641379737307E-37 -1.3124835776937735E-43 2.6335597074969062E-47 6.2641184893289304E-53 1.3762512077125604E-55 6.37243191192247E-57
 -1.162232729471023 -1.1622326290278504 -1.1622321029872897 -1.1622305561152102 -1.162227121025242 -1.1622206498344607 -1.1622097031618863 -1.1621925364058434 -1.1621670832234778 -1.1621309361290406 -1.1620813241277017 -1.1620150873123145 -1.1619286483761601 -1.1618179810431226 -1.1616785754971106 -1.1615054010184424 -1.1612928662245238 -1.1610347775878173 -1.1607242972962463 -1.1603539020656392 -1.1599153452536714 -1.1593996256088026 -1.1587969672656737 -1.1580968172160295 -1.1572878684701486 -1.1563581194739098 -1.1552949829977225 -1.1540854605126458 -1.1527164007317083 -1.1511748630644966 -1.149448607545261 -1.1475267314575683 -1.1454004683008383 -1.1430641557270413 -1.140516364502127 -1.137761159686629 -1.1348094381511046 -1.1316802545924733 -1.1284020144542208 -1.125013381573153 -1.1215637277229788 -1.1181129482110907 -1.1147304895298508 -1.1114934865135672 -1.108483987661553 -1.1057853521909433 -1.1034780181669685 -1.101634948665525 -1.1003171326544525 -1.0995693731285267 -1.0925288617099107 -1.0575152133263387 -0.9683145306173256 -0.7767641603379746 -0.4564606404814017 -0.13532158055177123 -9.87643689751418E-3 -2.2000759857986884E-5 2.0107614558415406E-7 2.7705134926345014E-11 -4.200835746890435E-15 -8.622055617544078E-20 -1.3666200197810248E-25 -2.5535334541305845E-31 8.157438963575865E-37 -1.317284175490875E-43 2.6337008036951492E-47 6.264016391741869E-53 1.3761456393408853E-55 6.372700068291931E-57
 -1.1621965447225133 -1.16219644433698 -1.1621959185983123 -1.1621943726139496 -1.1621909394952354 -1.162184472017702 -1.1621735316255781 -1.162156374716418 -1.1621309361290406 -1.1620948097512697 -1.1620452261640605 -1.1619790272490706 -1.1618926377125096 -1.1617820335261586 -1.1616427073668373 -1.161469631261395 -1.1612572168335084 -1.1609992738243521 -1.160688967950846 -1.1603187797095055 -1.1598804664735111 -1.1593650312142345 -1.1587627024562816 -1.1580629316923447 -1.1572544164699156 -1.1563251597119934 -1.1552625784851504 -1.1540536782278101 -1.1526853111149844 -1.1511445393071317 -1.1494191246446847 -1.1474981650151274 -1.1453728930449118 -1.1430376437551501 -1.1404909832506013 -1.1377369696553165 -1.1347864904333506 -1.1316585882858287 -1.1283816540527922 -1.1249943344658972 -1.12154598193986 -1.118096470567697 -1.1147152243179594 -1.1114793548686221 -1.108470887708327 -1.1057731600275753 -1.1034665896995616 -1.1016241222552347 -1.1003067324955355 -1.0995592132967824 -1.0925209123411965 -1.0575170740163666 -0.9683353623416732 -0.7768091467805327 -0.45651531360028435 -0.13535148299839983 -9.880356684291037E-3 -2.2034803196355717E-5 2.0114732566806262E-7 2.772376240453109E-11 -4.202480602668177E-15 -8.628029558076274E-20 -1.3687455994701714E-25 -2.558117686758838E-31 8.155730025987438E-37 -1.3241022900953714E-43 2.633900845105372E-47 6.263871701864096E-53 1.3759955386001745E-55 6.373080060613013E-57
 -1.162146881076415 -1.1621467807699461 -1.1621462554453372 -1.162144710678534 -1.1621412802635058 -1.1621348178789108 -1.1621238861007925 -1.1621067426972013 -1.1620813241277017 -1.1620452261640605 -1.161995681548497 -1.161929534616135 -1.1618432128340283 -1.161732695257097 -1.1615934779813532 -1.1614205368006811 -1.1612082874620726 -1.1609505441899776 -1.1606404775415883 -1.160270573198944 -1.1598325940428191 -1.1593175488366982 -1.158715672126469 -1.1580164215783554 -1.1572085009631947 -1.1562799193449622 -1.1552180996831105 -1.1540100528580465 -1.1526426357936838 -1.1511029144241464 -1.1493786530679068 -1.147458950441581 -1.1453350379751363 -1.1430012470821586 -1.1404561374750856 -1.1377037577648023 -1.1347549825142586 -1.1316288379717287 -1.1283536949475041 -1.1249681767117487 -1.1215216091258617 -1.1180738371841707 -1.1146942539599786 -1.1114599393679833 -1.1084528873328944 -1.1057564048307406 -1.1034508820364725 -1.1016092404137152 -1.1002924353297591 -1.0995452457806873 -1.0925099768645654 -1.057519595052204 -0.968363907607104 -0.7768708321169042 -0.45659030111557824 -0.13539250408065348 -9.88573514638189E-3 -2.2081534699036692E-5 2.0124498798173136E-7 2.7749330311729265E-11 -4.204737443385732E-15 -8.636228301350838E-20 -1.3716631948374944E-25 -2.5644101309963472E-31 8.153381949171243E-37 -1.3334613061915379E-43 2.634174763139654E-47 6.263673693967685E-53 1.3757891834376147E-55 6.373600021981486E-57
 -1.1620805753742842 -1.1620804751732731 -1.1620799504009566 -1.1620784072582066 -1.1620749804495178 -1.162068524858168 -1.1620576045699044 -1.1620404791808243 -1.1620150873123145 -1.1619790272490706 -1.161929534616135 -1.1618634570212005 -1.1617772256139258 -1.1616668235616922 -1.1615277515212623 -1.1613549903112414 -1.1611429611785908 -1.1608854843278777 -1.1605757367726432 -1.1602062111118132 -1.1597686775727011 -1.1592541526448878 -1.158652878906113 -1.1579543222576347 -1.1571471947718385 -1.1562195137045501 -1.15515870987625 -1.1539518014270728 -1.1525856516163881 -1.1510473314130662 -1.1493246084423005 -1.1474065825281212 -1.1452844835060824 -1.1429526379793653 -1.1404095971353558 -1.1376593968969097 -1.1347128946194762 -1.1315890946058084 -1.128316340948836 -1.1249332256230555 -1.1214890390691247 -1.1180435874643996 -1.1146662226678152 -1.1114339822209196 -1.1084288179404482 -1.105733996494037 -1.1034298711045356 -1.1015893311270212 -1.1002733060018217 -1.0995265562068297 -1.0924953320672208 -1.0575229019213288 -0.9684019349121068 -0.7769530823873191 -0.45669032401112746 -0.1354472349934 -9.89291329247177E-3 -2.2143938267684922E-5 2.013753180174578E-7 2.7783468911255442E-11 -4.207749232557221E-15 -8.647173506547152E-20 -1.3755588844602817E-25 -2.5728121853310113E-31 8.150242436257152E-37 -1.3459585445878708E-43 2.6345393186621586E-47 6.2634103802267485E-53 1.3755130642568169E-55 6.3742913764479E-57
 -1.1619940466507707 -1.161993946587214 -1.161993422534763 -1.1619918815088094 -1.1619884594006346 -1.16198201266364 -1.161971107351318 -1.1619540054424455 -1.1619286483761601 -1.1618926377125096 -1.1618432128340283 -1.1617772256139258 -1.1616911120017867 -1.161580860525216 -1.1614419777855586 -1.1612694511507084 -1.1610577090364124 -1.160800579441891 -1.160491247796103 -1.1601222157137223 -1.1596852629979044 -1.159171416208908 -1.158570928393779 -1.1578732761880663 -1.1570671824853415 -1.156140675219806 -1.1550811954593782 -1.1538757708081528 -1.1525112727849982 -1.150974778923202 -1.1492540611603108 -1.1473382207662796 -1.1452184855011293 -1.142889175700725 -1.1403488314432623 -1.13760147211592 -1.1346579326471244 -1.131537188736081 -1.1282675496512661 -1.1248875665738462 -1.121446483772761 -1.1180040568251676 -1.1146295838632078 -1.111400047189657 -1.1083973437268628 -1.10570468759297 -1.1034023838359201 -1.101563279949763 -1.1002482715724593 -1.0995020950384621 -1.092476143686498 -1.057527116300097 -0.968451417527344 -0.7770602377874415 -0.4568206948347159 -0.13551859670402047 -9.902276273827618E-3 -2.2225396382739407E-5 2.015452981092871E-7 2.7828024898224256E-11 -4.21167736556302E-15 -8.661455437571417E-20 -1.380643476673666E-25 -2.5837786397308093E-31 8.146137468341702E-37 -1.3622709545800413E-43 2.635013086509608E-47 6.263068557194516E-53 1.3751516728149529E-55 6.375188710679935E-57
 -1.1618832645440708 -1.161883164656217 -1.161882641523958 -1.1618811032038676 -1.1618776871042844 -1.1618712516856644 -1.161860365516829 -1.1618432936223115 -1.1618179810431226 -1.1617820335261586 -1.161732695257097 -1.1616668235616922 -1.161580860525216 -1.1614708015272463 -1.1613321607680062 -1.1611599339873681 -1.1609485587649701 -1.160691873064009 -1.1603830730710287 -1.1600146719257884 -1.1595784616726241 -1.1590654817456658 -1.158465998575618 -1.15776950252066 -1.1569647303083587 -1.1560397235247086 -1.1549819363389315 -1.1537784084553588 -1.1524160219538563 -1.1508818627623897 -1.1491637083347461 -1.1472506617933608 -1.145133948249455 -1.1428078800317866 -1.1402709830218027 -1.1375272554726847 -1.1345875036469343 -1.1314706666809135 -1.128205009326145 -1.124829030614396 -1.1213919157873022 -1.117953355730829 -1.114582579886268 -1.1113564999301472 -1.1083569425967465 -1.1056670548124143 -1.1033670800252433 -1.10152981220162 -1.1002161037556452 -1.0994706601485293 -1.09245145023699 -1.05753234555333 -0.9685145345407612 -0.7771971302396263 -0.4569873463974797 -0.13560985864237162 -9.914256275163881E-3 -2.2329722572896816E-5 2.0176275762046441E-7 2.788507837102757E-11 -4.216702837942248E-15 -8.679738012190608E-20 -1.3871544608323973E-25 -2.597821911428805E-31 8.140868844969772E-37 -1.3831615193819366E-43 2.6356163905254347E-47 6.262633904255154E-53 1.374687242382319E-55 6.376329513449398E-57
 -1.1617437147070261 -1.1617436150400608 -1.161743093064653 -1.1617415581463186 -1.1617381496006036 -1.1617317284112025 -1.161720866309157 -1.1617038321480501 -1.1616785754971106 -1.1616427073668373 -1.1615934779813532 -1.1615277515212623 -1.1614419777855586 -1.1613321607680062 -1.1611938242221213 -1.1610219744130167 -1.1608110604412005 -1.1605549327967332 -1.1602468011908302 -1.1598791932529812 -1.159443916417727 -1.1589320263050912 -1.1583338061728887 -1.1576387636329465 -1.156835652806959 -1.155912532446542 -1.1548568731950785 -1.1536557299731942 -1.1522959981426743 -1.1507647741905897 -1.149049842511797 -1.1471403085642468 -1.1450273941360404 -1.142705401496391 -1.1401728386851925 -1.1374336773916196 -1.1344986878434413 -1.1313867632119223 -1.1281261122804888 -1.1247551685135028 -1.1213230429339127 -1.1178893450836597 -1.1145232180269928 -1.1113014846260136 -1.108305883348165 -1.1056194766179945 -1.103322430411823 -1.1014874713744493 -1.1001753975561892 -1.099430875587379 -1.0924201429815973 -1.0575386681895708 -0.9685936676940233 -0.7773690971797669 -0.4571968584225414 -0.13572465731349253 -9.929335550639429E-3 -2.2461197766965104E-5 2.0203642493750742E-7 2.795696165201458E-11 -4.22302745824083E-15 -8.702764300944699E-20 -1.3953581736556294E-25 -2.6155167543322195E-31 8.134211234750553E-37 -1.409486402855038E-43 2.636371170349773E-47 6.262091154258711E-53 1.3740994293999465E-55 6.37775373669042E-57
 -1.161570361427999 -1.1615702620347587 -1.161569741492871 -1.1615682107898734 -1.1615648116046475 -1.1615584080475886 -1.161547575768255 -1.1615305883650606 -1.1615054010184424 -1.161469631261395 -1.1614205368006811 -1.1613549903112414 -1.1612694511507084 -1.1611599339873681 -1.1610219744130167 -1.1608505917355138 -1.1606402493320175 -1.1603848132159448 -1.1600775098585405 -1.1597108848454487 -1.159276764683534 -1.1587662250515495 -1.1581695700611032 -1.1574763287070146 -1.1566752766687637 -1.1557544939734223 -1.1547014716839563 -1.1535032835828775 -1.1521468414979447 -1.15061925500923 -1.148908317122205 -1.147003136199173 -1.1448949299209822 -1.1425779881019593 -1.1400507966831063 -1.1373172944444867 -1.1343882069662107 -1.1312823704626888 -1.1280279243600785 -1.1246632208641933 -1.1212372790121025 -1.1178096075229635 -1.1144492423941658 -1.1112328963940785 -1.1082421985699135 -1.10556010658864 -1.1032666903803336 -1.1014345931244007 -1.100124545468843 -1.0993811658988692 -1.0923809413317433 -1.0575461142623197 -0.9686913924777031 -0.7775819895132962 -0.45745648026619945 -0.13586701406120602 -9.948049542757832E-3 -2.2624610667886235E-5 2.0237597992058011E-7 2.8046279968544913E-11 -4.2308750747614665E-15 -8.731362439914352E-20 -1.4055521821119328E-25 -2.637505447698911E-31 8.125908652910481E-37 -1.4422028549529013E-43 2.637300757180828E-47 6.261424362167544E-53 1.373364925410024E-55 6.379503122213695E-57
 -1.1613576078603184 -1.1613575088019916 -1.1613569900141067 -1.161355464468846 -1.1613520767367797 -1.1613456947540241 -1.1613348989646963 -1.1613179687728252 -1.1612928662245238 -1.1612572168335084 -1.1612082874620726 -1.1611429611785908 -1.1610577090364124 -1.1609485587649701 -1.1608110604412005 -1.1606402493320175 -1.1604306062835267 -1.160176016303772 -1.1598697263720645 -1.159504304046058 -1.1590715991708251 -1.1585627119708823 -1.157967972077194 -1.1572769346523561 -1.1564784017586005 -1.1555604794615701 -1.1545106838169938 -1.1533161116957775 -1.151963695084086 -1.1504405595950017 -1.1487345087839246 -1.1468346545822531 -1.1447322096613894 -1.1424214486121706 -1.1399008303508586 -1.137174253403211 -1.1342523887280815 -1.1311540028517172 -1.1279071503317636 -1.1245500839343527 -1.1211317101207223 -1.1177114142105162 -1.1143581011505265 -1.111148348945059 -1.1081636526937541 -1.1054868418167791 -1.1031978686562242 -1.1013692742016105 -1.100061706574805 -1.0993197253111892 -1.0923323629167043 -1.057554639583477 -0.9688104616820687 -0.7778421712546163 -0.4577741473735801 -0.13604135099159705 -9.970989999025367E-3 -2.282530220585215E-5 2.0279210500262481E-7 2.815593395294925E-11 -4.2404927749794705E-15 -8.766451896310528E-20 -1.41806787777278E-25 -2.66450345605041E-31 8.115670273949844E-37 -1.4823778741562875E-43 2.638429531215103E-47 6.26061730456806E-53 1.3724569866676924E-55 6.381620227455109E-57
 -1.1610992545353744 -1.161099155882251 -1.1610986392164881 -1.161097119911423 -1.1610937460362094 -1.161087390155593 -1.1610766385144966 -1.1610597775409954 -1.1610347775878173 -1.1609992738243521 -1.1609505441899776 -1.1608854843278777 -1.160800579441891 -1.160691873064009 -1.1605549327967332 -1.1603848132159448 -1.160176016303772 -1.159922450050484 -1.1596173862491494 -1.1592534190429231 -1.1588224265160496 -1.158315538594128 -1.1577231157882588 -1.157034744927047 -1.156239260000435 -1.1553247985872168 -1.154278906993085 -1.1530887100371167 -1.1517411641111521 -1.150223414245042 -1.1485232767793094 -1.1466298679861928 -1.1445343944999308 -1.1422311125162278 -1.1397184482764517 -1.1370002516216608 -1.1340871274378236 -1.1309977579406587 -1.1277600949998614 -1.1244122710507402 -1.1210030563152038 -1.1175916867617945 -1.1142469087131277 -1.1110451370420006 -1.1080677046931657 -1.1053972858228446 -1.1031136904048493 -1.1012893356970347 -1.0999847698941165 -1.0992444811492094 -1.0922726875610915 -1.0575640925201337 -0.9689537793268719 -0.7781565078772129 -0.4581584885926096 -0.13625250379823342 -9.998807971559148E-3 -2.3069213987246154E-5 2.0329653254729847E-7 2.8289143838274322E-11 -4.252152002842856E-15 -8.809049990410003E-20 -1.4332732673683068E-25 -2.6973055307033217E-31 8.10316548180512E-37 -1.5311975940602083E-43 2.639782428591345E-47 6.259654051604521E-53 1.3713448677608516E-55 6.384147072205853E-57
 -1.1607884572269842 -1.1607883590591714 -1.1607878449350732 -1.1607863331038814 -1.1607829758249972 -1.16077665120688 -1.1607659524420608 -1.160749174371328 -1.1607242972962463 -1.160688967950846 -1.1606404775415883 -1.1605757367726432 -1.1604912477961031 -1.1603830730710287 -1.1602468011908302 -1.1600775098585405 -1.1598697263720645 -1.1596173862491494 -1.1593137910045814 -1.158951566626123 -1.158522625024257 -1.1580181317030844 -1.1574284841660045 -1.1567433071771131 -1.155951472977608 -1.1550411569037051 -1.1539999415086144 -1.1528149851053592 -1.1514732733402937 -1.149961974525972 -1.1482689203459695 -1.1463832323042804 -1.144296109838441 -1.1420017871460235 -1.1394986513648035 -1.1367904940519595 -1.1338878409750827 -1.1308092733759482 -1.127582620123573 -1.1242458695021364 -1.1208476285065072 -1.1174469541504883 -1.1141124026721807 -1.110920193440456 -1.1079514650497408 -1.1052887055501134 -1.1030115542542198 -1.101192280089667 -1.0998913114516255 -1.0991530509115057 -1.092199914480588 -1.0575741721058085 -0.9691243626396855 -0.7785323398802162 -0.45861882085492383 -0.1365057299094887 -0.010032216546790878 -2.3362940434069242E-5 2.0390208534076764E-7 2.8449475104543124E-11 -4.266149522002251E-15 -8.860278528140508E-20 -1.4515759289723296E-25 -2.736792190635013E-31 8.088018059455627E-37 -1.5899773132585307E-43 2.641384260620238E-47 6.258519763499394E-53 1.369993145054518E-55 6.387123316715515E-57
 -1.160417685779412 -1.1604175881875402 -1.160417077079734 -1.1604155741180937 -1.1604122365347571 -1.1604059490171212 -1.1603953130027524 -1.1603786333161627 -1.1603539020656392 -1.1603187797095055 -1.160270573198944 -1.1602062111118132 -1.1601222157137223 -1.1600146719257884 -1.1598791932529812 -1.1597108848454487 -1.159504304046058 -1.1592534190429231 -1.158951566626123 -1.1585914105791743 -1.1581649029615528 -1.157663251507686 -1.1570768976314185 -1.1563955111294055 -1.1556080096534171 -1.15470261336799 -1.1536669478670331 -1.1524882112411591 -1.1511534238880116 -1.1496497817892714 -1.1479651348796184 -1.146088610918102 -1.1440114008497648 -1.1417277128137206 -1.1392358875859034 -1.136539647592018 -1.1336494247307287 -1.1305836804205062 -1.1273700975441978 -1.124046493272002 -1.1206612808150733 -1.1172733047051843 -1.1139508954570866 -1.1107700402552296 -1.1078116468558008 -1.105157982241504 -1.102888482986598 -1.1010752417952698 -1.099778544726251 -1.0990426926641423 -1.0921117121864725 -1.0575843762485732 -0.9693252895511001 -0.7789774375444242 -0.459165127045563 -0.13680670999658675 -0.010071993104056924 -2.3713783971694984E-5 2.046227061738619E-7 2.8640865152355362E-11 -4.2828081314545263E-15 -8.921370331211083E-20 -1.473426080912355E-25 -2.7839364724663354E-31 8.069799428261968E-37 -1.660172016208706E-43 2.6432588032466487E-47 6.257201776493469E-53 1.3683609162573125E-55 6.39058387088241E-57
 -1.1599786862520371 -1.1599785893379044 -1.1599780817795362 -1.1599765892551854 -1.1599732748486795 -1.1599670309892318 -1.1599564688167851 -1.1599399049042795 -1.1599153452536714 -1.1598804664735111 -1.1598325940428191 -1.1597686775727011 -1.1596852629979044 -1.1595784616726241 -1.159443916417727 -1.159276764683534 -1.1590715991708251 -1.1588224265160496 -1.158522625024257 -1.1581649029615528 -1.1577412596412506 -1.1572429525034872 -1.1566604746480797 -1.1559835488819951 -1.1552011463167124 -1.1543015398965825 -1.1532724058976715 -1.1521009892592835 -1.1507743513198178 -1.1492797206743352 -1.147604968794271 -1.145739230863729 -1.1436736879010944 -1.141402517447291 -1.138924005782896 -1.136241794033421 -1.1333662036703062 -1.1303155551185268 -1.1271173594484411 -1.123809232409908 -1.1204393590731374 -1.1170663337788524 -1.1137582212228787 -1.1105907351263892 -1.107644511334659 -1.1050015563995652 -1.1027410680329106 -1.1009349312975051 -1.0996432645268758 -1.0989102487734208 -1.092005360926684 -1.0575939390099375 -0.9695596290731607 -0.7794999323437458 -0.45980801213932392 -0.1371615404349334 -0.010118980841013746 -2.4129812127926596E-5 2.0547347133560225E-7 2.88676503269224E-11 -4.302477013315111E-15 -8.99367536057417E-20 -1.4993196786702526E-25 -2.839810770708147E-31 8.048020869426544E-37 -1.7433871293315156E-43 2.645427610651392E-47 6.255691057703628E-53 1.3664008644733432E-55 6.394555826017524E-57
 -1.1594624497180743 -1.1594623535952315 -1.159461850180982 -1.1594603698426022 -1.1594570824960186 -1.1594508896093376 -1.1594404136504627 -1.1594239849091232 -1.1593996256088026 -1.1593650312142345 -1.1593175488366982 -1.1592541526448878 -1.1591714162089077 -1.1590654817456658 -1.1589320263050912 -1.1587662250515495 -1.1585627119708823 -1.158315538594128 -1.1580181317030844 -1.157663251507686 -1.1572429525034872 -1.1567485501790628 -1.1561705979991714 -1.1554988806871844 -1.1547224318019424 -1.153829585948576 -1.1528080786229353 -1.1516452095172071 -1.1503280878341142 -1.148843980319588 -1.1471807836718015 -1.1453276418320263 -1.143275724320466 -1.1410191730440255 -1.1385562107414233 -1.1358903836860478 -1.1330318844668207 -1.1299988689054933 -1.1268186474433194 -1.1235286005798761 -1.1201766468775575 -1.1168210883609057 -1.1135296791001962 -1.110377813209541 -1.1074458086960927 -1.104815367652623 -1.1025654085134035 -1.1007675735421875 -1.099481784931339 -1.0987520835890178 -1.0918776880452543 -1.0576017563208104 -0.9698303519874325 -0.7801082200509963 -0.46055863190783613 -0.1375767138001058 -0.01017408922811151 -2.4619914697807906E-5 2.0647058145348795E-7 2.9134592260343325E-11 -4.3255315596325955E-15 -9.078666007477724E-20 -1.5298014105845096E-25 -2.9055934932000673E-31 8.022124702579E-37 -1.8413891104016072E-43 2.647908504542341E-47 6.253984124622419E-53 1.364058179567312E-55 6.399054597228545E-57
 -1.1588591923333593 -1.1588590971275727 -1.1588585985160908 -1.1588571323004672 -1.1588538763145923 -1.1588477425020797 -1.1588373664592093 -1.1588210943726557 -1.1587969672656737 -1.1587627024562816 -1.158715672126469 -1.158652878906113 -1.158570928393779 -1.158465998575618 -1.1583338061728887 -1.1581695700611032 -1.1579679720771938 -1.1577231157882588 -1.1574284841660045 -1.1570768976314185 -1.1566604746480797 -1.1561705979991714 -1.1555978911346074 -1.1549322105681505 -1.1541626622727916 -1.1532776523659376 -1.1522649850376878 -1.151112023509551 -1.1498059325425955 -1.1483340231960972 -1.1466842215144734 -1.144845681706839 -1.1428095600912451 -1.140569957399326 -1.1381250228417996 -1.1354781928580024 -1.132639510732206 -1.1296269415386517 -1.1264675631608613 -1.123198483345804 -1.119867311596778 -1.116532010882684 -1.1132599749136862 -1.1101262269585998 -1.1072107161707218 -1.1045947912614222 -1.1023570464667371 -1.100568842164243 -1.0992898728065567 -1.0985640165665822 -1.0917249974822522 -1.0576063001697866 -0.9701402195713859 -0.7808108303057193 -0.4614285877421908 -0.1380590839080792 -0.010238292961419395 -2.5193858136761466E-5 2.0763132145114275E-7 2.9446902010656155E-11 -4.352372485603044E-15 -9.177940966493163E-20 -1.5654674022429305E-25 -2.9825751243921063E-31 7.991474468604794E-37 -1.9561152669764484E-43 2.6507136912953176E-47 6.252085541666294E-53 1.3612693376200861E-55 6.404079169170916E-57
 -1.1581583529091994 -1.1581582587587506 -1.1581577656742678 -1.15815631571104 -1.1581530958149126 -1.1581470299846563 -1.1581367689246646 -1.1581206771157641 -1.1580968172160295 -1.1580629316923447 -1.1580164215783554 -1.1579543222576347 -1.1578732761880663 -1.15776950252066 -1.1576387636329465 -1.1574763287070146 -1.1572769346523561 -1.157034744927047 -1.1567433071771131 -1.1563955111294055 -1.1559835488819951 -1.1554988806871844 -1.1549322105681505 -1.1542734776988528 -1.1535118714415106 -1.1526358802778302 -1.151633387533771 -1.1504918296387511 -1.149198435405286 -1.1477405670197804 -1.1461061844445152 -1.1442844538627425 -1.1422665165637864 -1.140046426057519 -1.1376222470891783 -1.134997289825908 -1.132181425815312 -1.1291924006430775 -1.126057024511358 -1.1228120911350953 -1.1195048540965042 -1.116192885808805 -1.112943164796198 -1.1098302869739642 -1.1069337763555742 -1.1043345742742862 -1.1021109011710346 -1.1003337923684248 -1.099062679672473 -1.0983412535595351 -1.0915429958401532 -1.057605522329402 -0.9704916487347363 -0.78161625739672 -0.46242978045884752 -0.1386158112900873 -0.010312628870891542 -2.586233298531603E-5 2.089739794330571E-7 2.981025981359948E-11 -4.383423989801699E-15 -9.293226897831908E-20 -1.606967357540187E-25 -3.072163110771324E-31 7.955344277034741E-37 -2.089681925417603E-43 2.6538474644774095E-47 6.250011121146312E-53 1.3579607520853037E-55 6.409606355386983E-57
 -1.1573486162096158 -1.1573485232654157 -1.1573480364982802 -1.157346605111489 -1.1573434264658357 -1.157337438339112 -1.1573273087042574 -1.157311422952357 -1.1572878684701486 -1.1572544164699156 -1.1572085009631947 -1.1571471947718385 -1.1570671824853415 -1.1569647303083587 -1.156835652806959 -1.1566752766687637 -1.1564784017586005 -1.156239260000435 -1.155951472977608 -1.1556080096534171 -1.1552011463167124 -1.1547224318019424 -1.1541626622727916 -1.1535118714415106 -1.1527593440566057 -1.1518936628315132 -1.1509028016529294 -1.1497742807560924 -1.1484954023152373 -1.147053587127396 -1.145436834114821 -1.1436343233543584 -1.141637179172903 -1.1394394013192137 -1.137038958191744 -1.134439015791936 -1.131649249480989 -1.1286871539996954 -1.1255792335190315 -1.12236192262001 -1.1190820677305415 -1.1157967943718012 -1.1125726058750682 -1.109483608922345 -1.1066088407216814 -1.1040287760448723 -1.101821207155521 -1.100056796971179 -1.098794676352544 -1.0980783206861934 -1.0913267190860891 -1.0575967501688106 -0.9708865530337473 -0.7825327473805967 -0.4635742154576623 -0.13925428435180534 -0.010398190108507534 -2.663698830508784E-5 2.1051771205546781E-7 3.0230827381068034E-11 -4.419130668266802E-15 -9.42637682278868E-20 -1.6550057564101463E-25 -3.1758847470892833E-31 7.912907646982972E-37 -2.244389708269009E-43 2.657303462832251E-47 6.247791965491239E-53 1.3540473297113978E-55 6.415584017881578E-57
 -1.156417972543539 -1.1564178809689604 -1.1564174013747434 -1.1564159910802613 -1.1564128592717752 -1.156406959372257 -1.1563969789619688 -1.1563813271742846 -1.1563581194739098 -1.1563251597119934 -1.1562799193449622 -1.1562195137045501 -1.156140675219806 -1.1560397235247086 -1.155912532446542 -1.1557544939734223 -1.1555604794615701 -1.1553247985872168 -1.1550411569037051 -1.1547026133679902 -1.1543015398965825 -1.153829585948576 -1.1532776523659376 -1.1526358802778302 -1.1518936628315132 -1.151039689850244 -1.150062038187008 -1.1489483234004607 -1.147685931157703 -1.1462623490274754 -1.1446656204169061 -1.1428849414462538 -1.1409114174615071 -1.1387389874452678 -1.1363655106556702 -1.1337939896147481 -1.1310338770671388 -1.1281023829747971 -1.1250256639374016 -1.12183974650946 -1.1185910143855004 -1.1153360850388978 -1.1121409214271011 -1.1090790737442852 -1.106229025334738 -1.1036707200174824 -1.1014814626844078 -1.099731492287873 -1.0984795970257905 -1.097769007348327 -1.091070466104751 -1.0575765791192661 -0.9713261607015334 -0.7835680375625121 -0.4648737514107951 -0.13998201084835565 -0.0104961167881816 -2.753044471419351E-5 2.122823414489935E-7 3.071524852873016E-11 -4.459952829594151E-15 -9.57936386800864E-20 -1.7103415900689343E-25 -3.2953869375871656E-31 7.863226411759672E-37 -2.4227242061881516E-43 2.6610614766491674E-47 6.24547948535598E-53 1.3494309924156797E-55 6.421923256878717E-57
 -1.1553538268734475 -1.1553537368438036 -1.1553532653406848 -1.1553518788384475 -1.155348799862563 -1.1553429994838635 -1.1553331873998455 -1.1553177995254455 -1.1552949829977225 -1.1552625784851504 -1.1552180996831105 -1.1551587098762501 -1.1550811954593782 -1.1549819363389315 -1.1548568731950785 -1.1547014716839563 -1.1545106838169938 -1.154278906993085 -1.1539999415086144 -1.1536669478670331 -1.1532724058976715 -1.1528080786229353 -1.1522649850376878 -1.151633387533771 -1.1509028016529294 -1.150062038187008 -1.1490992903152084 -1.1480022813354797 -1.1467584913451405 -1.1453554835170021 -1.1437813517547676 -1.1420253106183853 -1.140078444399508 -1.1379346238888508 -1.1355915855595986 -1.1330521477979658 -1.1303255124149318 -1.1274285681900695 -1.1243870795417068 -1.1212366124439636 -1.1180230280675638 -1.1148023699981286 -1.1116399905956018 -1.108608811060031 -1.1057866885319131 -1.103252966374692 -1.1010843981823175 -1.0993507432353164 -1.0981104019796936 -1.0974063276604235 -1.0907677479911082 -1.057540768969428 -0.9718108131876622 -0.7847290459786913 -0.46633978494953254 -0.14080647377968558 -0.010607582080468888 -2.8556274553322797E-5 2.1428806613449572E-7 3.127063244479154E-11 -4.5063597953884265E-15 -9.754268576314396E-20 -1.773785939775292E-25 -3.4324313231150262E-31 7.805240589612166E-37 -2.627349735416908E-43 2.665083832418967E-47 6.243151505056089E-53 1.343999265334823E-55 6.42848968051564E-57
 -1.154143173460246 -1.1541430851618963 -1.1541426227258522 -1.1541412628857687 -1.154138243115356 -1.1541325542620846 -1.1541229308086085 -1.154107838682068 -1.1540854605126458 -1.1540536782278101 -1.1540100528580465 -1.1539518014270728 -1.1538757708081528 -1.1537784084553588 -1.1536557299731942 -1.1535032835828775 -1.1533161116957775 -1.1530887100371167 -1.1528149851053592 -1.1524882112411591 -1.1521009892592835 -1.1516452095172071 -1.151112023509551 -1.1504918296387511 -1.1497742807560924 -1.1489483234004607 -1.1480022813354797 -1.1469239988640917 -1.1457010622193555 -1.144321119657461 -1.1427723220700654 -1.1410439051132157 -1.1391269299339086 -1.1370151913503512 -1.1347062886512635 -1.132202834216508 -1.12951374888099 -1.1266555615628046 -1.123653597042863 -1.120542904749475 -1.1173687595973942 -1.1141865610424408 -1.1110609758667913 -1.1080642187993803 -1.1052734434224638 -1.1027673182746406 -1.1006219772094787 -1.0989066401631715 -1.0976792715103473 -1.0969825126980312 -1.0904112651368651 -1.0574841543717055 -0.9723397508205599 -0.7860215110189235 -0.4679828647917748 -0.14173494547611237 -0.010733772588272555 -2.9728933922980973E-5 2.165550658287535E-7 3.1904512084092746E-11 -4.558820709634547E-15 -9.953257535521533E-20 -1.8461964923091988E-25 -3.5888827974482215E-31 7.737760564930197E-37 -2.861093144256027E-43 2.669311441242199E-47 6.240919509219216E-53 1.3376240834210868E-55 6.435094011556322E-57
