 -1.1315890961116576 -1.131589010267185 -1.1315885606834263 -1.1315872386451464 -1.1315843028650063 -1.1315787724052921 -1.1315694173916801 -1.131554747504892 -1.1315329982385156 -1.1315021149212545 -1.1314597345201686 -1.1314031652715021 -1.1313293642311283 -1.131234912903604 -1.1311159912040191 -1.130968350140294 -1.1307872837870456 -1.1305676013713523 -1.1303036006244184 -1.1299890439935755 -1.129617139882363 -1.1291805318195897 -1.1286712993782543 -1.1280809757924223 -1.1274005885620166 -1.126620730873798 -1.1257316733422486 -1.1247235272653932 -1.1235864720896606 -1.1223110607646817 -1.1208886166899414 -1.1193117344170417 -1.117574892461008 -1.115675179723463 -1.1136131264442443 -1.1113936158519543 -1.1090268338968911 -1.1065291925929388 -1.1039241396772427 -1.1012427469142782 -1.0985239559957087 -1.0958143598588017 -1.0931674133208242 -1.0906420035463468 -1.0883003682950822 -1.0862054241367813 -1.0844176490907178 -1.0829917410380236 -1.0819733229903758 -1.0813958537230221 -1.0759721987872721 -1.0492747918121638 -0.9821822222325799 -0.8369816354683424 -0.5753097455618194 -0.24889974463468741 -0.042832017219205195 -1.2766964727040541E-3 2.943445010516461E-6 1.4007243720809423E-8 1.1360132724824438E-12 -2.4006993831979192E-17 2.5601795064607332E-20 2.1882738921441445E-25 1.3965961906998945E-29 2.4886376257959975E-34 2.608298600627917E-39 6.766635912316215E-42 1.4196692829007604E-44 3.3441610673920067E-46
 -1.131589010267185 -1.1315889244228147 -1.1315884748396114 -1.1315871528029615 -1.1315842170264394 -1.1315786865735402 -1.1315693315714572 -1.131554661702743 -1.1315329124631541 -1.1315020291839148 -1.1314596488349821 -1.1314030796558793 -1.1313292787061766 -1.1312348274945518 -1.131115905940675 -1.1309682650575101 -1.1307871989251847 -1.1305675167767827 -1.130303516349985 -1.1299889600990671 -1.1296170564349383 -1.1291804488941632 -1.1286712170578065 -1.1280808941682043 -1.1274005077336215 -1.1266206509490668 -1.1257315944369328 -1.124723449502579 -1.1235863955988532 -1.1223109856805213 -1.1208885431504933 -1.1193116625616328 -1.117574822427538 -1.1156751116452165 -1.1136130604462033 -1.1113935520466344 -1.1090267723798103 -1.106529133437865 -1.103924082931336 -1.1012426925934177 -1.0985239040802081 -1.095814310289836 -1.0931673659978125 -1.090641958325553 -1.0883003249896865 -1.0862053825185036 -1.08441760889309 -1.0829917019612465 -1.0819732847076468 -1.081395815888166 -1.0759721650782962 -1.0492747765832515 -0.9821822439834612 -0.8369817102145082 -0.5753098618129556 -0.24889983957306544 -0.04283204566011436 -1.2766980033328601E-3 2.9434429611986304E-6 1.4007257394772227E-8 1.1360149271093724E-12 -2.400721540665709E-17 2.560181000062814E-20 2.188274927232148E-25 1.3965969002488413E-29 2.488640650555385E-34 2.608293943521118E-39 6.766640526600224E-42 1.4196710347819907E-44 3.3441658268707074E-46
 -1.1315885606834263 -1.1315884748396114 -1.1315880252593075 -1.1315867032311908 -1.131583767473619 -1.131578237056413 -1.1315688821146991 -1.1315542123406396 -1.131532463241343 -1.1315015801612418 -1.131459200085438 -1.1314026312706477 -1.1313288307957958 -1.1312343801911657 -1.1311154594003955 -1.130967819462841 -1.130786754487534 -1.1305670737389852 -1.1303030749888032 -1.1299885207276101 -1.1296166194049317 -1.129180014597952 -1.1286707859299704 -1.12808046668664 -1.1274000844199316 -1.126620232368003 -1.1257311811947303 -1.1247230422438514 -1.1235859950018298 -1.1223105924503378 -1.1208881580102454 -1.1193112862409801 -1.117574455648686 -1.1156747551062164 -1.1136127148015797 -1.1113932178856507 -1.10902645020275 -1.1065288236310326 -1.1039237857417252 -1.1012424081041782 -1.0985236321882585 -1.0958140506870928 -1.0931671181574922 -1.0906417214949157 -1.088300098190315 -1.0862051645548567 -1.0844173983696328 -1.0829914973078937 -1.0819730842128316 -1.0813956177389545 -1.0759719885370231 -1.0492746968252477 -0.9821823578950435 -0.8369821016717603 -0.5753104706394863 -0.2489003367817489 -0.042832194610237614 -1.2767060195208942E-3 2.943432228456828E-6 1.4007329007843912E-8 1.1360235927103293E-12 -2.4008375836457454E-17 2.5601888223151486E-20 2.188280348170665E-25 1.396600616276608E-29 2.488656491788858E-34 2.6082695532852225E-39 6.766664692422769E-42 1.4196802097120124E-44 3.3441907531598307E-46
 -1.1315872386451464 -1.1315871528029617 -1.1315867032311908 -1.1315853812281655 -1.1315824455263137 -1.131576915214064 -1.1315675604498722 -1.1315528909541412 -1.131531142267387 -1.1315002597728571 -1.1314578805002013 -1.1314013127566975 -1.1313275136781666 -1.13123306485843 -1.1311141463115934 -1.1309665091546534 -1.1307854475816196 -1.1305657709494032 -1.1303017771293824 -1.1299872287190695 -1.1296153342815382 -1.1291787375134076 -1.1286695181621726 -1.1280792096408773 -1.127398839629986 -1.1266190014945705 -1.1257299660204622 -1.124721844664265 -1.123584817011307 -1.1223094361223506 -1.1208870254710803 -1.1193101796362352 -1.1175733771020623 -1.11567370667035 -1.1136116984011512 -1.1113922352534122 -1.1090255028097986 -1.1065279126133227 -1.1039229118255655 -1.1012415715340704 -1.098522832661088 -1.095813287296926 -1.0931663893553025 -1.090641025067238 -1.088299431260062 -1.0862045236064921 -1.0844167792995103 -1.082990895499104 -1.0819724946324291 -1.0813950350559136 -1.0759714693931836 -1.0492744622775187 -0.9821826928430615 -0.8369832527592875 -0.5753122609183738 -0.24890179884977972 -0.042832632607474725 -1.2767295917398323E-3 2.943400667197291E-6 1.4007539591429343E-8 1.1360490746919294E-12 -2.401178818892721E-17 2.5602118240581114E-20 2.1882962887587585E-25 1.3966115434242713E-29 2.4887030742089212E-34 2.6081978309394444E-39 6.76673575347841E-42 1.419707189318814E-44 3.344264050960892E-46
 -1.1315843028650063 -1.1315842170264394 -1.131583767473619 -1.1315824455263137 -1.1315795099481877 -1.1315739798690065 -1.1315646254990168 -1.1315499566213373 -1.131528208850658 -1.1314973276564395 -1.1314549501672364 -1.1313983848026101 -1.1313245888247178 -1.131230143968484 -1.1311112304044854 -1.1309635994221178 -1.1307825454040985 -1.1305628779125242 -1.1302988950403145 -1.1299843596223508 -1.129612480473839 -1.1291759015566125 -1.1286667028939563 -1.128076418181796 -1.1273960753859273 -1.1266162681532463 -1.1257272675403904 -1.1247191852546036 -1.1235822011007294 -1.122306868315184 -1.1208845104889253 -1.1193077222435732 -1.1175709820147348 -1.1156713784464222 -1.113609441314542 -1.1113900531518485 -1.1090233989599795 -1.106525889537753 -1.1039209711370723 -1.101239713775608 -1.0985210571595822 -1.0958115920406834 -1.0931647709045981 -1.0906394785068942 -1.088297950201268 -1.0862031002427017 -1.0844154045182383 -1.0829895590480993 -1.0819711853356224 -1.0813937410752862 -1.0759703165068652 -1.0492739413620237 -0.9821834365459966 -0.8369858087850462 -0.575316236357012 -0.24890504550495584 -0.042833605228981705 -1.2767819370682752E-3 2.9433305768186706E-6 1.4008007220090575E-8 1.1361056615166454E-12 -2.401936588552831E-17 2.560262901536169E-20 2.1883316864783584E-25 1.3966358080142557E-29 2.488806517104699E-34 2.6080385564714175E-39 6.766893552067318E-42 1.4197671013114973E-44 3.3444268194025467E-46
 -1.1315787724052921 -1.1315786865735402 -1.131578237056413 -1.131576915214064 -1.1315739798690065 -1.1315684502288527 -1.1315590966014197 -1.1315444288879665 -1.1315226828428956 -1.131491804098073 -1.1314494299683626 -1.1313928690848173 -1.131319078947598 -1.1312246415574072 -1.131105737379577 -1.1309581180282444 -1.1307770782415953 -1.1305574279682426 -1.1302934657184198 -1.129978954774128 -1.12960710442553 -1.1291705591340448 -1.128661399442461 -1.1280711595795565 -1.127390868048623 -1.1266111190274235 -1.1257221840827191 -1.1247141753938834 -1.1235772731792763 -1.122302031006181 -1.1208797726864738 -1.1193030929225624 -1.1175664700584313 -1.1156669924408904 -1.1136051893106071 -1.1113859423975287 -1.1090194356088176 -1.1065220783414366 -1.1039173151337473 -1.101236213988089 -1.0985177123200386 -1.0958083983597253 -1.0931617219028355 -1.0906365649256026 -1.0882951600058281 -1.086200418727883 -1.0844128145187792 -1.0829870412517548 -1.081968718689914 -1.0813913032808333 -1.0759681444933213 -1.0492729598008294 -0.9821848371747234 -0.8369906233600485 -0.5753237248197082 -0.24891116128942766 -0.04283543740695039 -1.2768805449409727E-3 2.9431985248187536E-6 1.4008888133209234E-8 1.1362122617755311E-12 -2.4033641096497208E-17 2.560359117178278E-20 2.1883983665390923E-25 1.396681515161267E-29 2.489001383358168E-34 2.607738496484795E-39 6.76719080410532E-42 1.4198799635833714E-44 3.3447334443158024E-46
 -1.1315694173916801 -1.1315693315714572 -1.1315688821146991 -1.1315675604498722 -1.1315646254990168 -1.1315590966014197 -1.13154974422992 -1.1315350784855973 -1.1315133353591595 -1.1314824607571551 -1.1314400923095644 -1.1313835390051614 -1.1313097587466474 -1.1312153339842521 -1.1310964456818497 -1.130948846002835 -1.1307678302866166 -1.1305482091355492 -1.130284281765697 -1.129969812215306 -1.1295980105778626 -1.1291615221597768 -1.1286524283824952 -1.1280622643760715 -1.1273820595528876 -1.1266024089886006 -1.1257135851127941 -1.124705700903391 -1.1235689372781656 -1.122293848364042 -1.1208717583465528 -1.1192952620647651 -1.1175588377077174 -1.1156595731195553 -1.1135979966356888 -1.111378988628222 -1.109012731153175 -1.1065156312364736 -1.1039111305182407 -1.101230293592155 -1.0985120539994446 -1.09580299570533 -1.0931565639556661 -1.0906316360257837 -1.0882904397983508 -1.0861958823406916 -1.0844084329189478 -1.0829827817749477 -1.0819645457283793 -1.0813871791177975 -1.0759644698676742 -1.0492712986920393 -0.9821872053042874 -0.8369987659409092 -0.5753363903380067 -0.24892150549682287 -0.04283853644125645 -1.2770473417252786E-3 2.9429751089164616E-6 1.4010378201473486E-8 1.1363925845778688E-12 -2.4057788982676398E-17 2.5605218559869893E-20 2.1885111510056193E-25 1.3967588224838192E-29 2.4893310057999604E-34 2.6072308821818423E-39 6.767693586360659E-42 1.4200708729639942E-44 3.345252112731569E-46
 -1.1315547475048917 -1.131554661702743 -1.1315542123406396 -1.1315528909541412 -1.1315499566213373 -1.1315444288879665 -1.1315350784855973 -1.1315204158285994 -1.1314986772781776 -1.1314678091715433 -1.131425449632731 -1.131368908211382 -1.1312951434413165 -1.131200738477569 -1.1310818750656501 -1.1309343062301233 -1.1307533282530388 -1.1305337527617176 -1.1302698800788788 -1.129955475428461 -1.1295837501634591 -1.1291473509151037 -1.1286383604824896 -1.1280483154087341 -1.127368246531579 -1.1265887503344662 -1.1257001005997877 -1.1246924115575054 -1.1235558652220094 -1.1222810165976944 -1.1208591904559812 -1.1192829818502327 -1.117546868726607 -1.1156479381411672 -1.1135867170100504 -1.111368083576491 -1.1090022169941784 -1.106505520571598 -1.103901431404823 -1.1012210087431673 -1.0985031800533597 -1.0957945226137282 -1.0931484745365136 -1.0906239057265005 -1.088283036704887 -1.0861887674566927 -1.0844015607242076 -1.0829761010555374 -1.081958000655345 -1.0813807105554384 -1.0759587061310358 -1.0492686919451403 -0.9821909160714866 -0.8370115308235722 -0.5753562476269671 -0.24893772427053412 -0.042843395691390055 -1.2773088940316924E-3 2.9426246516850537E-6 1.4012714736042497E-8 1.1366753640253583E-12 -2.4095657916707282E-17 2.5607770159752976E-20 2.1886879921882794E-25 1.396880029471166E-29 2.4898478911153082E-34 2.6064347505283204E-39 6.768481932525753E-42 1.4203702386486623E-44 3.3460654502720985E-46
 -1.1315329982385156 -1.1315329124631541 -1.131532463241343 -1.131531142267387 -1.131528208850658 -1.1315226828428956 -1.1315133353591595 -1.1314986772781774 -1.1314769455102953 -1.1314460870310598 -1.1314037406967911 -1.1313472168884297 -1.1312734750752513 -1.131179099456943 -1.1310602729375618 -1.1309127498180864 -1.1307318277777425 -1.1305123199630602 -1.1302485283370415 -1.1299342198810646 -1.1295626078149616 -1.129126340733637 -1.1286175034781258 -1.1280276346860262 -1.1273477673077527 -1.1265684999134097 -1.1256801082905538 -1.1246727085249734 -1.1235364842565294 -1.1222619917902587 -1.1208405567660784 -1.1192647745550681 -1.1175291227434711 -1.1156306872193835 -1.113569992795363 -1.1113519145593271 -1.108986627363214 -1.1064905290055344 -1.103887049847171 -1.1012072412159772 -1.098490021574944 -1.0957819582909167 -1.0931364789024395 -1.0906124423894016 -1.0882720583614626 -1.086178216305905 -1.0843913692949704 -1.0829661934371874 -1.0819482940965383 -1.0813711174033124 -1.0759501576966394 -1.0492648229453471 -0.982196411355226 -0.8370304473465322 -0.5753856788611793 -0.24896176472181186 -0.042850598921938015 -1.277696650510472E-3 2.9421048198550356E-6 1.4016178636422094E-8 1.1370946286616456E-12 -2.4151805842118147E-17 2.5611552304491563E-20 2.1889501291227583E-25 1.3970596811880402E-29 2.4906142013373064E-34 2.6052541394405663E-39 6.769650533229074E-42 1.4208140602019743E-44 3.3472712819476263E-46
 -1.1315021149212547 -1.1315020291839148 -1.1315015801612418 -1.1315002597728571 -1.1314973276564397 -1.131491804098073 -1.1314824607571551 -1.1314678091715433 -1.1314460870310598 -1.1314152422173131 -1.131372914626077 -1.1313164158182604 -1.131242706590965 -1.1311483726267004 -1.1310295984740008 -1.1308821402456532 -1.1307012976040906 -1.1304818858522791 -1.1302182092815085 -1.1299040373677502 -1.1295325859807268 -1.1290965065026785 -1.1285878866730998 -1.127998268102614 -1.1273186867405213 -1.1265397441188902 -1.1256517188715773 -1.1246447297187234 -1.1235089626075758 -1.1222349756895191 -1.1208140958374068 -1.1192389188734908 -1.1175039218733422 -1.1156061890673742 -1.1135462422824438 -1.1113289521278357 -1.108964487349503 -1.1064692379249372 -1.1038666246547712 -1.1011876876226571 -1.0984713325110333 -1.0957641126175767 -1.0931194404715562 -1.0905961595449364 -1.0882564639583511 -1.0861632282973352 -1.0843768919072662 -1.0829521189164177 -1.0819345049781508 -1.0813574892648758 -1.0759380125302313 -1.049259320281003 -0.982204201739875 -0.8370572909798839 -0.5754274523745557 -0.24899589087048284 -0.04286082526404904 -1.2782472215854868E-3 2.941366158415379E-6 1.40210968698828E-8 1.1376900168108202E-12 -2.423154294278491E-17 2.5616921190579935E-20 2.189322265466428E-25 1.3973146845029564E-29 2.4917023125290824E-34 2.603577125805407E-39 6.771309532954302E-42 1.4214442497421152E-44 3.348983516317213E-46
 -1.1314597345201686 -1.1314596488349821 -1.131459200085438 -1.1314578805002013 -1.1314549501672364 -1.1314494299683626 -1.1314400923095644 -1.131425449632731 -1.1314037406967911 -1.131372914626077 -1.1313306127420197 -1.1312741482239372 -1.1312004836901108 -1.131106206856851 -1.130987504528188 -1.1308401353019124 -1.1306594015605673 -1.1304401215648098 -1.1301766027993471 -1.1298626181616597 -1.129491387155998 -1.129055564987657 -1.1285472433716263 -1.1279579679962972 -1.1272787789242546 -1.1265002817502187 -1.1256127590121134 -1.1246063330434667 -1.1234711929565002 -1.122197899435277 -1.1207777810440218 -1.119203434224158 -1.1174693353512126 -1.1155725663823528 -1.113513645049715 -1.111297435820153 -1.1089340990651128 -1.1064400140351275 -1.1038385884182755 -1.101160846875784 -1.0984456775602398 -1.095739614471777 -1.093096049552455 -1.0905738050028852 -1.0882350536980704 -1.0861426497833024 -1.084357013775127 -1.0829327933686854 -1.081915570897359 -1.0813387759894441 -1.075921333353182 -1.0492517523275508 -0.9822148679538754 -0.8370940948747355 -0.5754847428338852 -0.24904270113841883 -0.04287485473926961 -1.2790026961113204E-3 2.94035152736908E-6 1.4027845270488257E-8 1.138507138632241E-12 -2.4340980796043191E-17 2.5624285633896812E-20 2.189832766477711E-25 1.3976644343855433E-29 2.4931954495281002E-34 2.601274693057937E-39 6.773585413968775E-42 1.4223089974451576E-44 3.35133315198335E-46
 -1.1314031652715021 -1.1314030796558793 -1.1314026312706477 -1.1314013127566975 -1.1313983848026101 -1.1313928690848173 -1.1313835390051614 -1.1313689082113822 -1.1313472168884297 -1.1313164158182604 -1.1312741482239372 -1.1312177294435024 -1.131144124524453 -1.1310499238958853 -1.130931317370366 -1.1307840668603452 -1.1306034783766256 -1.130384374125035 -1.130121065849893 -1.1298073310125562 -1.1294363939653015 -1.129000915012943 -1.128492991173349 -1.127904173574275 -1.1272255077650463 -1.1264476047596791 -1.125560752303903 -1.1245550775513863 -1.123420773836455 -1.1221484052219328 -1.120729302528704 -1.1191560630247088 -1.1174231621523915 -1.1155276788373986 -1.1134701253507037 -1.1112553579665462 -1.1088935258862988 -1.1064009940523651 -1.1038011526623106 -1.1011250058054453 -1.0984114182509745 -1.0957068982573336 -1.0930648103041955 -1.0905439482167993 -1.0882064565287721 -1.0861151621181124 -1.0843304603834638 -1.0829069770977601 -1.081890276825104 -1.0813137764615456 -1.0758990472304592 -1.0492416204365502 -0.9822290613950659 -0.837143161322453 -0.5755611522926385 -0.24910514703241268 -0.0428935742708537 -1.2800109932619046E-3 2.9389954264769442E-6 1.403685163904046E-8 1.1395979854846683E-12 -2.4487088164671114E-17 2.563411001407927E-20 2.190513871884926E-25 1.3981309470025826E-29 2.495188394516429E-34 2.5981994129685167E-39 6.776621953593787E-42 1.423463178811355E-44 3.354469403826622E-46
 -1.1313293642311283 -1.1313292787061766 -1.131328830795796 -1.1313275136781666 -1.1313245888247178 -1.131319078947598 -1.1313097587466474 -1.1312951434413165 -1.1312734750752513 -1.131242706590965 -1.1312004836901108 -1.131144124524453 -1.1310705973077357 -1.1309764960049262 -1.130858014349981 -1.1307109185757022 -1.1305305194220407 -1.130311644237044 -1.1300486103171143 -1.1297352010723007 -1.1293646471739664 -1.128929615573869 -1.1284222102019263 -1.1278339892758928 -1.12715600549695 -1.1263788769431288 -1.1254928981486196 -1.1244882025503972 -1.1233549889867013 -1.1220838259251744 -1.1206660471290714 -1.119094250944728 -1.1173629115995473 -1.11546910406902 -1.1134133335070548 -1.1112004455104627 -1.1088405747220537 -1.106350067435103 -1.1037522910495483 -1.101078222840104 -1.098366697096127 -1.095664188521567 -1.0930240257980452 -1.09050496576204 -1.0881691160021667 -1.0860792678510737 -1.0842957839635507 -1.0828732615343146 -1.0818572419628604 -1.081281125546964 -1.075869933340409 -1.0492283504290682 -0.9822475032599127 -0.8372070724214153 -0.5756607313534098 -0.2491865525346427 -0.04291798407982827 -1.2813262470051645E-3 2.937223190583194E-6 1.4048599115909535E-8 1.1410213867524758E-12 -2.467775353795543E-17 2.5646917331446034E-20 2.1914019203452836E-25 1.398738995314142E-29 2.4977882655691567E-34 2.594183924360773E-39 6.780581236257707E-42 1.4249688011364573E-44 3.3585609440606763E-46
 -1.131234912903604 -1.1312348274945518 -1.1312343801911657 -1.13123306485843 -1.131230143968484 -1.1312246415574072 -1.1312153339842521 -1.131200738477569 -1.131179099456943 -1.1311483726267004 -1.131106206856851 -1.1310499238958853 -1.1309764960049262 -1.1308825216688438 -1.130764199634235 -1.1306173016566154 -1.130437144521189 -1.1302185621493245 -1.129955878934692 -1.1296428858916371 -1.1292728217693566 -1.1288383620165973 -1.1283316193992412 -1.1277441611985934 -1.1270670492585788 -1.126290910687832 -1.1254060486990906 -1.1244026047623165 -1.1232707847526397 -1.1220011627698434 -1.1205850763400453 -1.1190151251899072 -1.117285781995552 -1.1153941166849348 -1.1133406253160686 -1.111130139838413 -1.1087727762857646 -1.1062848571127805 -1.1036897205769444 -1.1010183096745651 -1.09830941973014 -1.095609482551163 -1.0929717810535457 -1.0904550247848294 -1.0881212740996897 -1.0860332748854633 -1.084251347932728 -1.082830053897387 -1.0818149045613878 -1.0812392790002658 -1.0758326087021488 -1.0492112820419932 -0.9822709816858477 -0.837288699067704 -0.575787999449085 -0.2492906335705011 -0.04294920432726098 -1.2830092192076521E-3 2.9349500352353806E-6 1.4063629786092375E-8 1.142843513562606E-12 -2.492185444816395E-17 2.5663292276838E-20 2.192537579797246E-25 1.3995162415900693E-29 2.5011153590671935E-34 2.5890391899163737E-39 6.785644695508995E-42 1.4268954852407885E-44 3.3637972498569042E-46
 -1.1311159912040191 -1.131115905940675 -1.1311154594003955 -1.1311141463115934 -1.1311112304044854 -1.131105737379577 -1.1310964456818497 -1.13108187506565 -1.1310602729375618 -1.1310295984740008 -1.130987504528188 -1.130931317370366 -1.130858014349981 -1.130764199634235 -1.1306460782715965 -1.1304994289607037 -1.1303195760868383 -1.1301013618353701 -1.1298391195227335 -1.1295266497235216 -1.129157201342611 -1.1287234605114855 -1.1282175511050802 -1.1276310518000298 -1.1269550359353488 -1.1261801419740391 -1.1252966840408531 -1.1242948137064823 -1.1231647456948228 -1.1218970611886758 -1.1204831024474541 -1.1189154709360404 -1.1171886373833386 -1.115299665374627 -1.1132490395355063 -1.1110415746605468 -1.1086873633901956 -1.1062026982101005 -1.1036108807394311 -1.1009428108776351 -1.0982372349586431 -1.0955405308545196 -1.0929059239364993 -1.0903920642905722 -1.0880609528775382 -1.0859752784386642 -1.08419530912049 -1.0827755596307364 -1.08176150450625 -1.081186496134512 -1.0757855116238481 -1.0491896559264735 -0.9823003461958579 -0.8373912071732196 -0.5759479629890948 -0.24942151674005955 -0.04298848181855308 -1.285127735643741E-3 2.932079929443329E-6 1.4082548459037354E-8 1.145138427708187E-12 -2.522933345020969E-17 2.568388418516037E-20 2.1939660762627373E-25 1.4004933596900546E-29 2.5053040467413235E-34 2.5825525113669665E-39 6.792014153237009E-42 1.4293209766108225E-44 3.370390044634773E-46
 -1.130968350140294 -1.1309682650575101 -1.130967819462841 -1.1309665091546536 -1.1309635994221178 -1.1309581180282444 -1.130948846002835 -1.1309343062301233 -1.1309127498180864 -1.1308821402456532 -1.1308401353019124 -1.1307840668603452 -1.1307109185757022 -1.1306173016566154 -1.1304994289607037 -1.1303530877904013 -1.1301736119489327 -1.1299558538623786 -1.1296941579042893 -1.1293823364964565 -1.1290136511289057 -1.1285808011716018 -1.128075924266425 -1.1274906132119926 -1.126815955593237 -1.1260426039450532 -1.1251608859163675 -1.1241609655971496 -1.1230330686796796 -1.1217677851275313 -1.1203564630696181 -1.1187917061292482 -1.1170679826270688 -1.1151823482933436 -1.1131352735912742 -1.110931552061226 -1.1085812473577181 -1.106100614830487 -1.1035129106961838 -1.1008489814458306 -1.0981475126985835 -1.0954548154809347 -1.0928240438428531 -1.0903137741708042 -1.0879859338076682 -1.085903140660894 -1.0841255976219255 -1.082707762442017 -1.081695063488835 -1.0811208200667874 -1.0757268826380372 -1.0491625977557514 -0.982336498605535 -0.8375180597700461 -0.5761461298035053 -0.24958375627544573 -0.043037196528159564 -1.2877571368279264E-3 2.9285042698254464E-6 1.4106026543677847E-8 1.1479886724510175E-12 -2.5611280437213796E-17 2.5709409706991764E-20 2.195737411499766E-25 1.4017041380330092E-29 2.510503713889888E-34 2.5744852837395555E-39 6.799912813423186E-42 1.432331677556003E-44 3.3785748137308184E-46
 -1.1307872837870456 -1.1307871989251847 -1.130786754487534 -1.1307854475816196 -1.1307825454040985 -1.1307770782415953 -1.1307678302866166 -1.1307533282530388 -1.1307318277777425 -1.1307012976040906 -1.1306594015605673 -1.1306034783766256 -1.1305305194220407 -1.130437144521189 -1.1303195760868383 -1.1301736119489327 -1.1299945974344405 -1.1297773975000051 -1.1295163700487933 -1.129205341999102 -1.1288375902406435 -1.1284058303426955 -1.127902216793432 -1.1273183596725666 -1.1266453639982505 -1.1258738995262278 -1.1249943104567017 -1.1239967762020677 -1.1228715358800727 -1.1216091902038014 -1.1202010944901465 -1.1186398550101595 -1.1169199371448401 -1.1150383870202713 -1.1129956577774533 -1.1107965169561102 -1.1084509927480872 -1.1059752950658445 -1.1033926245706611 -1.1007337623983997 -1.0980373198685875 -1.095349526201741 -1.0927234481606178 -1.0902175719301314 -1.087893734748046 -1.0858144678212848 -1.0840398941666242 -1.0826244018165704 -1.081613362623234 -1.0810400553933314 -1.0756547427181561 -1.0491290989738772 -0.9823803794216496 -0.8376730133855262 -0.5763885179510577 -0.24978234791659303 -0.04309686763163885 -1.2909807324855927E-3 2.9241003284821985E-6 1.4134805910377345E-8 1.1514858995141237E-12 -2.608002064339184E-17 2.5740654988361531E-20 2.1979065572812996E-25 1.4031855518826034E-29 2.516879719662912E-34 2.564570471672447E-39 6.809586155457508E-42 1.436023188592508E-44 3.3886123665236754E-46
 -1.1305676013713523 -1.1305675167767827 -1.1305670737389852 -1.1305657709494032 -1.1305628779125242 -1.1305574279682426 -1.1305482091355492 -1.1305337527617176 -1.1305123199630602 -1.1304818858522791 -1.1304401215648098 -1.130384374125035 -1.130311644237044 -1.1302185621493245 -1.1301013618353701 -1.1299558538623786 -1.1297773975000051 -1.1295608728658455 -1.1293006542329662 -1.1289905860596223 -1.1286239638685255 -1.1281935228298487 -1.1276914378158884 -1.127109339817144 -1.1264383549473115 -1.1256691738015365 -1.1247921606102564 -1.1237975133303157 -1.1226754873298792 -1.1214166963358755 -1.1200125043709825 -1.1184555209196322 -1.1167402078165633 -1.1148635995782116 -1.112826128397322 -1.1106325303639215 -1.1082927907696424 -1.105823064554928 -1.1032464851625414 -1.1005937546473121 -1.0979033944192473 -1.0952215347003086 -1.0926011366158894 -1.0901005771810872 -1.0877815845754916 -1.0857065850641358 -1.083935604980193 -1.082522947962963 -1.0815139174516934 -1.080941743228986 -1.0755668686371393 -1.0490879937196204 -0.982432948638198 -0.8378601067746608 -0.5766816565372815 -0.2500227380774235 -0.043169158643849174 -1.2948902444307635E-3 2.9187294463355453E-6 1.4169702594448223E-8 1.1557315232464643E-12 -2.6649207219440315E-17 2.5778477095663872E-20 2.200533610916185E-25 1.4049777908597267E-29 2.52461435282862E-34 2.5525097962094246E-39 6.821302657009003E-42 1.4405008428052756E-44 3.400790405542565E-46
 -1.1303036006244184 -1.130303516349985 -1.1303030749888032 -1.1303017771293824 -1.1302988950403145 -1.1302934657184198 -1.130284281765697 -1.1302698800788788 -1.1302485283370415 -1.1302182092815085 -1.1301766027993471 -1.130121065849893 -1.1300486103171143 -1.129955878934692 -1.1298391195227335 -1.1296941579042893 -1.1295163700487933 -1.1293006542329662 -1.1290414043372218 -1.1287324858289426 -1.1283672165495668 -1.1279383551478072 -1.1274381009133134 -1.1268581098855818 -1.1261895334495968 -1.1254230871661794 -1.1245491592636205 -1.1235579699185123 -1.1224397939726877 -1.1211852607517596 -1.1197857447186485 -1.1182338592207954 -1.1165240618604552 -1.1146533732639001 -1.112622200547682 -1.1104352421456744 -1.1081024319752303 -1.1056398591386618 -1.103070576565853 -1.1004251915823621 -1.097742117889779 -1.095067367105186 -1.0924537737873964 -1.0899595841447391 -1.08764639567654 -1.0855765088935134 -1.0838098342653355 -1.0824005742923488 -1.0813939504234011 -1.0808231336858522 -1.075460765452344 -1.049037931509092 -0.9824951597367663 -0.8380836397865337 -0.5770325757189622 -0.2503108263002519 -0.043255881154790586 -1.2995862173889203E-3 2.912234945302287E-6 1.4211610148593182E-8 1.1608373883247425E-12 -2.7333916602975296E-17 2.5823804359883011E-20 2.2036838928784787E-25 1.407124224442072E-29 2.5339077466354447E-34 2.5379706304176288E-39 6.835354258237435E-42 1.4458802111262526E-44 3.4154250477925197E-46
 -1.1299890439935755 -1.1299889600990671 -1.1299885207276101 -1.1299872287190695 -1.1299843596223508 -1.129978954774128 -1.129969812215306 -1.129955475428461 -1.1299342198810646 -1.1299040373677502 -1.1298626181616597 -1.1298073310125562 -1.1297352010723007 -1.1296428858916371 -1.1295266497235216 -1.1293823364964565 -1.129205341999102 -1.1289905860596223 -1.1287324858289426 -1.1284249317090246 -1.1280612680307355 -1.1276342813094368 -1.1271361998165785 -1.1265587093242672 -1.1258929912153385 -1.12512979068745 -1.1242595244589941 -1.1232724390885517 -1.1221588325431235 -1.1209093526769651 -1.1195153863617197 -1.1179695515495431 -1.1162663008408593 -1.1144026383986578 -1.112378941599612 -1.1101998642051507 -1.1078752791748323 -1.1054211974805754 -1.1028605764966115 -1.1002239111093967 -1.0975494871645361 -1.0948831754769197 -1.0922776603399313 -1.0897910326512383 -1.087484734739399 -1.0854209177843752 -1.0836593546627641 -1.0822541277622168 -1.0812503611559693 -1.080681156088643 -1.0753336363050065 -1.0489773453794954 -0.9825679256455585 -0.8383481398383552 -0.5774487825612478 -0.2506529585669297 -0.04335899652542758 -1.3051783706043394E-3 2.904439737822024E-6 1.4261502391725834E-8 1.1669264310326254E-12 -2.815074398181139E-17 2.5877635241323984E-20 2.2074279630281824E-25 1.409671284632659E-29 2.5449787036471463E-34 2.5205826186676302E-39 6.852056457404217E-42 1.4522875489587712E-44 3.4328622234722414E-46
 -1.129617139882363 -1.1296170564349383 -1.1296166194049317 -1.1296153342815382 -1.129612480473839 -1.12960710442553 -1.1295980105778626 -1.1295837501634591 -1.1295626078149616 -1.1295325859807268 -1.129491387155998 -1.1294363939653015 -1.1293646471739664 -1.1292728217693566 -1.129157201342611 -1.1290136511289057 -1.1288375902406435 -1.1286239638685255 -1.1283672165495668 -1.1280612680307355 -1.1276994938185158 -1.127274713225724 -1.1267791886349132 -1.126204640814527 -1.1255422864578643 -1.1247829056505056 -1.1239169486519304 -1.1229346930838237 -1.1218264641467441 -1.1205829315223323 -1.1191954967105552 -1.117656783110428 -1.1159612374656946 -1.1141058445948945 -1.1120909469045967 -1.1099211456093638 -1.1076062419503731 -1.105162154962351 -1.1026117295629997 -1.099985328297418 -1.0973210865084648 -1.0946647092529613 -1.0920687039097818 -1.0895909785066684 -1.0872927926526223 -1.0852361216722854 -1.083480576399057 -1.0820800977561884 -1.0810796951261576 -1.0805123875591051 -1.0751823500361854 -1.0489044154157292 -0.9826520754364634 -0.8386583132026937 -0.5779382188814939 -0.25105590855393766 -0.04348061475248419 -1.311785854574999E-3 2.8951436227406994E-6 1.4320435226531535E-8 1.1741333056018067E-12 -2.911789487875421E-17 2.5941035233023446E-20 2.2118415268638846E-25 1.4126682410257291E-29 2.558065365033775E-34 2.4999340601670866E-39 6.87174790240157E-42 1.4598601449715491E-44 3.4534788512103644E-46
 -1.1291805318195897 -1.1291804488941632 -1.129180014597952 -1.1291787375134076 -1.1291759015566125 -1.1291705591340448 -1.1291615221597768 -1.1291473509151037 -1.129126340733637 -1.1290965065026785 -1.129055564987657 -1.129000915012943 -1.1289296155738688 -1.1288383620165973 -1.1287234605114855 -1.1285808011716018 -1.1284058303426955 -1.1281935228298487 -1.1279383551478072 -1.1276342813094368 -1.127274713225724 -1.126852508509113 -1.1263599693775132 -1.1257888574705765 -1.1251304307222993 -1.1243755099687742 -1.1235145846510246 -1.12253796868293 -1.1214360190900318 -1.120199431070893 -1.1188196232406892 -1.1172892253965418 -1.1156026774842837 -1.1137569417763582 -1.1117523198863652 -1.1095933517076672 -1.1072897547661637 -1.1048573407600956 -1.1023188232941176 -1.0997044103604076 -1.097052061517951 -1.0944072881999933 -1.0918223911080371 -1.0893550646140375 -1.0870663548272923 -1.0850180315759914 -1.0832695163230925 -1.0818745846598767 -1.0808781119205155 -1.0803130210835556 -1.0750034075804877 -1.048817027938496 -0.982748300682668 -0.8390189781208862 -0.5785091966891881 -0.25152684339419056 -0.04362298953214615 -1.3195373665995265E-3 2.884120274778791E-6 1.4389547105017358E-8 1.182604935660318E-12 -3.0255267171924846E-17 2.6015131229091294E-20 2.217005197567845E-25 1.4161668392889963E-29 2.5734256379140962E-34 2.4755681358379184E-39 6.894789313268568E-42 1.4687465207245417E-44 3.477683655474317E-46
 -1.1286712993782543 -1.1286712170578065 -1.1286707859299704 -1.1286695181621726 -1.1286667028939563 -1.128661399442461 -1.1286524283824952 -1.1286383604824896 -1.1286175034781258 -1.1285878866730998 -1.1285472433716263 -1.128492991173349 -1.1284222102019263 -1.1283316193992412 -1.1282175511050802 -1.128075924266425 -1.1279022167934318 -1.1276914378158884 -1.1274381009133134 -1.1271361998165785 -1.1267791886349132 -1.1263599693775132 -1.1258708904414536 -1.1253037608491947 -1.1246498863494571 -1.1239001350291872 -1.1230450417666393 -1.1220749625695083 -1.1209802913852284 -1.119751753028811 -1.1183807859994852 -1.1168600275615645 -1.1151839098364353 -1.1133493690200606 -1.1113566594980937 -1.1092102501360765 -1.1069197614644645 -1.1045008807904257 -1.101976169514011 -1.0993756564574941 -1.0967370973684922 -1.094105779155269 -1.0915337628278456 -1.089078494945083 -1.0868007739577936 -1.0847621312961557 -1.0830217687138015 -1.0816332699678754 -1.0806413548470641 -1.0800788348456427 -1.0747929087439258 -1.048712731171638 -0.9828570907108988 -0.8394349766927387 -0.5791703063582212 -0.2520732699580663 -0.04378850834767742 -1.3285710656199E-3 2.8711139639636874E-6 1.4470057607321463E-8 1.1925009357281267E-12 -3.15845155863453E-17 2.6101102686083344E-20 2.2230040733531356E-25 1.4202207698316941E-29 2.59133726804097E-34 2.4469791132684696E-39 6.92156153760578E-42 1.4791064145784887E-44 3.505917449312106E-46
 -1.1280809757924223 -1.1280808941682043 -1.12808046668664 -1.1280792096408773 -1.128076418181796 -1.1280711595795565 -1.1280622643760715 -1.1280483154087341 -1.1280276346860262 -1.127998268102614 -1.1279579679962972 -1.127904173574275 -1.1278339892758928 -1.1277441611985934 -1.1276310518000298 -1.1274906132119926 -1.1273183596725666 -1.127109339817144 -1.1268581098855818 -1.1265587093242672 -1.126204640814527 -1.1257888574705765 -1.1253037608491947 -1.124741214521896 -1.1240925792883897 -1.123348777643354 -1.1225003967919437 -1.1215378412279397 -1.1204515474400571 -1.1192322743844245 -1.1178714835074978 -1.1163618207362011 -1.114697709259231 -1.112876055334156 -1.1108970590611502 -1.108765107619416 -1.1064897099504975 -1.1040864102188976 -1.1015775946393366 -1.0989930857747955 -1.0963704047080862 -1.093754579794255 -1.0911973959859084 -1.0887560143928523 -1.0864909481598237 -1.08446345404817 -1.082732480649265 -1.081351390658233 -1.080364724606455 -1.0798051655012821 -1.0745465218448582 -1.0485886889760402 -0.9829786565224197 -0.8399110626293589 -0.579930292309362 -0.2527029571196659 -0.04397967617751262 -1.3390342107503388E-3 2.855836085500284E-6 1.4563263461767713E-8 1.2039938280251953E-12 -3.312908771793021E-17 2.6200168806122834E-20 2.229927082962861E-25 1.4248849294923855E-29 2.612097412461749E-34 2.413608742591638E-39 6.952462504653126E-42 1.4911104645957462E-44 3.5386526524129815E-46
 -1.1274005885620166 -1.1274005077336215 -1.1274000844199316 -1.127398839629986 -1.1273960753859273 -1.127390868048623 -1.1273820595528876 -1.127368246531579 -1.1273477673077527 -1.1273186867405213 -1.1272787789242546 -1.1272255077650463 -1.12715600549695 -1.1270670492585788 -1.1269550359353488 -1.126815955593237 -1.1266453639982505 -1.1264383549473115 -1.1261895334495968 -1.1258929912153385 -1.1255422864578643 -1.1251304307222993 -1.1246498863494571 -1.1240925792883897 -1.1234499332965206 -1.1227129330983343 -1.1218722257586684 -1.1209182712497824 -1.1198415547531745 -1.1186328743252964 -1.1172837177263452 -1.115786740875682 -1.1141363568458306 -1.11232943776685 -1.1103661217745774 -1.1082507027487247 -1.1059925621274482 -1.1036070804703794 -1.1011164437165354 -1.098550238579879 -1.09594571776334 -1.093347613870181 -1.0908073960274096 -1.088381898725093 -1.0861313086057886 -1.0841165680613045 -1.0823963358952035 -1.0810237217338352 -1.0800430608804085 -1.079486889230083 -1.0742594598358241 -1.0484416352858108 -0.9831128439913347 -0.8404517623778933 -0.5807978908217786 -0.2534238289769226 -0.04419909117454778 -1.3510824286468321E-3 2.837961644489458E-6 1.4670531172101038E-8 1.2172689546288697E-12 -3.491421684488247E-17 2.631357087804688E-20 2.2378660453657325E-25 1.430214435996251E-29 2.6360215269277275E-34 2.3748431628984086E-39 6.987902806133454E-42 1.5049394824587042E-44 3.576391749087154E-46
 -1.126620730873798 -1.1266206509490668 -1.126620232368003 -1.1266190014945705 -1.1266162681532461 -1.1266111190274235 -1.1266024089886006 -1.1265887503344662 -1.1265684999134097 -1.1265397441188902 -1.1265002817502187 -1.1264476047596791 -1.1263788769431288 -1.126290910687832 -1.1261801419740391 -1.1260426039450532 -1.1258738995262278 -1.1256691738015365 -1.1254230871661794 -1.1251297906874502 -1.1247829056505056 -1.1243755099687742 -1.1239001350291872 -1.123348777643354 -1.1227129330983343 -1.1219836568313343 -1.1211516639393561 -1.1202074774637351 -1.119141637962118 -1.1179449879870055 -1.1166090452864954 -1.1151264772437137 -1.1134916855663548 -1.1117015037536885 -1.1097559996930737 -1.1076593614156897 -1.105420825641777 -1.10305558717576 -1.1005856045040713 -1.098040196424305 -1.0954563107039274 -1.092878343844117 -1.0903574059909633 -1.0879499603203712 -1.085715822234868 -1.0837155766288435 -1.0820075527192922 -1.0806445722753283 -1.079670737138234 -1.0791184158393458 -1.0739264679533166 -1.0482678332485662 -0.9832590381437697 -0.8410612079326855 -0.5817816247418686 -0.25424382361197656 -0.04444941041604953 -1.3648784924625491E-3 2.8171259293266E-6 1.4793285231617505E-8 1.2325239532665551E-12 -3.696685202355089E-17 2.6442548839878482E-20 2.2469143831691194E-25 1.436263353473789E-29 2.663441335247379E-34 2.3300107808039778E-39 7.028299595376637E-42 1.52078318362531E-44 3.619664312125162E-46
 -1.1257316733422486 -1.1257315944369328 -1.1257311811947303 -1.1257299660204622 -1.1257272675403904 -1.1257221840827191 -1.1257135851127941 -1.1257001005997877 -1.1256801082905538 -1.1256517188715773 -1.1256127590121134 -1.1255607523039032 -1.1254928981486196 -1.1254060486990906 -1.1252966840408531 -1.1251608859163675 -1.1249943104567017 -1.1247921606102564 -1.1245491592636205 -1.1242595244589941 -1.1239169486519304 -1.1235145846510246 -1.1230450417666393 -1.1225003967919437 -1.1218722257586684 -1.1211516639393561 -1.1203295032562265 -1.119396337991956 -1.1183427712828666 -1.1171596960018497 -1.1158386638649602 -1.1143723553374356 -1.1127551594623681 -1.1109838663145044 -1.1090584646775241 -1.1069830232945265 -1.1047666157099746 -1.1024242272023467 -1.0999775596199701 -1.09745562938563 -1.094895040028392 -1.0923398085425308 -1.0898406396491084 -1.0874535770882347 -1.0852380168343447 -1.0832541398132322 -1.0815599027571338 -1.0802078020695184 -1.0792416756813243 -1.0786937029156797 -1.07354182966026 -1.0480630447728638 -0.9834160619317832 -0.8417429409420218 -0.5828895504492794 -0.2551707118024975 -0.044733303586923185 -1.380590469921053E-3 2.7929217285254632E-6 1.493299069761091E-8 1.2499676259847195E-12 -3.931550018681782E-17 2.658831109051951E-20 2.2571654236466986E-25 1.4430830885670872E-29 2.694701592606732E-34 2.2783817663061447E-39 7.074068464850793E-42 1.5388382082346678E-44 3.6690221266092284E-46
 -1.1247235272653932 -1.124723449502579 -1.1247230422438514 -1.124721844664265 -1.1247191852546036 -1.1247141753938834 -1.124705700903391 -1.1246924115575054 -1.1246727085249734 -1.1246447297187234 -1.1246063330434667 -1.1245550775513863 -1.1244882025503972 -1.1244026047623165 -1.1242948137064823 -1.1241609655971496 -1.1239967762020677 -1.1237975133303157 -1.1235579699185123 -1.1232724390885517 -1.1229346930838237 -1.12253796868293 -1.1220749625695083 -1.1215378412279397 -1.1209182712497824 -1.1202074774637351 -1.119396337991956 -1.118475527077903 -1.1174357181298608 -1.116267860573908 -1.1149635443703094 -1.1135154648349714 -1.1119179970140242 -1.110167882509768 -1.1082650216320462 -1.106213349583434 -1.1040217571316188 -1.101704994761003 -1.0992844766326368 -1.0967888801099601 -1.0942544226152233 -1.0917246953708463 -1.0892499481415496 -1.0868857538853902 -1.0846910377076208 -1.0827255269360143 -1.0810467599870685 -1.0797068678127985 -1.0787493918843564 -1.078206298959768 -1.0730993996017932 -1.0478225181969638 -0.9835820749680497 -0.842499689602756 -0.5841289536282788 -0.2562118702461256 -0.04505339226830743 -1.3983890710464825E-3 2.7648976036417454E-6 1.509112868297805E-8 1.2698179833211546E-12 -4.198994819663223E-17 2.6751996605582717E-20 2.2687102174276944E-25 1.4507204219695242E-29 2.7301552934188322E-34 2.21917004056247E-39 7.125612942189067E-42 1.5593052336085837E-44 3.7250318445276275E-46
