 -1.2781728893342252 -1.2781727075509705 -1.2781717555125557 -1.2781689559150226 -1.2781627387322835 -1.2781510257312787 -1.2781312097253878 -1.2781001281588146 -1.278054030496189 -1.277988538767475 -1.277898600488501 -1.277778433047537 -1.277621458528621 -1.2774202278499224 -1.2771663330569766 -1.2768503066651344 -1.2764615071481604 -1.275987990097513 -1.2754163653307672 -1.2747316414382903 -1.2739170610870538 -1.272953933039423 -1.2718214705029888 -1.27049665031525 -1.2689541137554825 -1.2671661375422313 -1.2651027127110583 -1.262731779167201 -1.260019673921195 -1.2569318598921963 -1.2534340075173258 -1.2494935002538787 -1.2450814237226248 -1.2401750726889104 -1.2347609666548724 -1.2288383013634216 -1.2224226807665241 -1.2155498772796431 -1.2082792684656495 -1.2006965126438355 -1.1929149757354835 -1.1850754292176395 -1.1773436219965427 -1.1699054940646904 -1.1629600377249642 -1.1567100959906797 -1.1513516757261685 -1.1470625946347812 -1.1439914101814316 -1.1422471964769611 -1.1257768381634758 -1.043314869005637 -0.8387646491620485 -0.46888604367985026 -0.10623548982347439 -2.691735952415475E-3 6.8131666553943735E-6 4.0288641459374825E-9 2.0761948045783966E-13 3.7441276607623095E-19 -2.7287917749467464E-27 -5.791779544869982E-34 -8.12864622340016E-43 -1.6642038954620154E-52 -1.761759586670816E-62 -3.2782142548921594E-72 -3.0133311474035065E-81 -2.7182972474504363E-89 -7.24370310469171E-95 -1.1474998567650227E-98
 -1.2781727075509705 -1.2781725257682248 -1.2781715737324872 -1.2781687741428202 -1.2781625569775418 -1.2781508440094335 -1.2781310280591782 -1.2780999465798361 -1.2780538490465025 -1.277988357501315 -1.2778984194740532 -1.277778252368832 -1.2776212782875331 -1.2774200481682178 -1.2771661540785175 -1.2768501285581035 -1.276461330107354 -1.2759878143466636 -1.2754161911248411 -1.2747314690656827 -1.2739168908716531 -1.272953765342387 -1.2718213057241576 -1.270496488894006 -1.268953956170931 -1.2671659843124611 -1.265102564391214 -1.2627316363461953 -1.2600195372167382 -1.256931729943817 -1.2534338849772574 -1.2494933857755283 -1.2450813179464774 -1.240174976226022 -1.2347608800679987 -1.2288382251462766 -1.2224226153218058 -1.2155498228967156 -1.2082792252990355 -1.2006964806937774 -1.1929149548319213 -1.1850754190088634 -1.177343621943518 -1.169905503441674 -1.1629600556266372 -1.1567101213454173 -1.151351707314801 -1.147062631113799 -1.1439914501096417 -1.1422472383449708 -1.1257768977007265 -1.0433150025452817 -0.8387648964319643 -0.46888633121574585 -0.10623561769660345 -2.691743006055228E-3 6.8131708126283534E-6 4.028871661417333E-9 2.0762002969449182E-13 3.74414589849318E-19 -2.728543383505034E-27 -5.791763959856184E-34 -8.12863950394651E-43 -1.6642036047671359E-52 -1.7617598721232624E-62 -3.2782154586088102E-72 -3.0133326607205223E-81 -2.718298900876407E-89 -7.243706680271424E-95 -1.1475007458782739E-98
 -1.2781717555125557 -1.2781715737324872 -1.278170621710749 -1.2781678221622707 -1.2781616050884483 -1.2781498922926104 -1.278130076633736 -1.278098995611242 -1.2780528987550376 -1.277987408170986 -1.2778974714619795 -1.2777773061151174 -1.2776203343256722 -1.2774191071359668 -1.2771652167292797 -1.2768491957726675 -1.2764604029059112 -1.2759868939009573 -1.2754152787701564 -1.2747305663124244 -1.27391599941606 -1.2729528870759012 -1.2718204427407817 -1.2704956434948946 -1.2689531308652597 -1.2671651818134814 -1.2651017876063592 -1.2627308883597263 -1.2600188212636302 -1.2569310493734477 -1.2534332432055077 -1.2494927862243403 -1.2450807639702521 -1.2401744710249418 -1.2347604265893092 -1.2288378259756524 -1.2224222725682463 -1.2155495380756984 -1.208278999219812 -1.200696313357616 -1.1929148453481972 -1.1850753655356216 -1.1773436216577235 -1.1699055525425154 -1.162960149372775 -1.1567102541245788 -1.1513518727419815 -1.1470628221528438 -1.1439916592126897 -1.1422474576071217 -1.1257772094998534 -1.0433157019084597 -0.8387661914224028 -0.4688878370902583 -0.10623628739182725 -2.691779947407545E-3 6.8131925845545995E-6 4.028911021459704E-9 2.076229061586825E-13 3.744241413359144E-19 -2.727242502302243E-27 -5.7916823374087925E-34 -8.128604312290211E-43 -1.6642020822539235E-52 -1.7617613670163761E-62 -3.278221762581827E-72 -3.013340586151661E-81 -2.718307560104135E-89 -7.243725406000822E-95 -1.1475054023080932E-98
 -1.2781689559150226 -1.2781687741428204 -1.2781678221622707 -1.2781650227348946 -1.2781588059300037 -1.27814709364075 -1.2781272788386883 -1.2780961991595563 -1.2780501042944856 -1.2779846165367054 -1.2778946837040938 -1.2777745235277824 -1.2776175584776168 -1.2774163399025697 -1.2771624603259508 -1.2768464527894007 -1.276457676342638 -1.275984187203228 -1.2754125958644515 -1.2747279116401524 -1.2739133779651012 -1.2729503044081216 -1.2718179050137063 -1.2704931574751672 -1.2689507039312126 -1.2671628219436223 -1.2650995033501042 -1.262728688786504 -1.2600167158860835 -1.256929048040571 -1.2534313559618948 -1.2494910231324023 -1.2450791348938128 -1.2401729853743321 -1.234759093031094 -1.228836652113189 -1.2224212646032062 -1.2155487004644491 -1.208278334342091 -1.2006958212171836 -1.192914523326188 -1.1850752082157056 -1.1773436207386476 -1.1699056968478234 -1.1629604249603096 -1.156710644491146 -1.1513523591120762 -1.1470633838362418 -1.1439922740144377 -1.1422481022823465 -1.1257781262860342 -1.0433177583539166 -0.8387699993623813 -0.4688922651865366 -0.10623825668071972 -2.6918885775436417E-3 6.813256603840202E-6 4.0290267634307565E-9 2.0763136471666294E-13 3.7445222867956394E-19 -2.7234170735299732E-27 -5.791442312252856E-34 -8.128500822419821E-43 -1.664197604311304E-52 -1.7617657621406064E-62 -3.2782402987806654E-72 -3.013363890600416E-81 -2.71833302253191E-89 -7.24378046804844E-95 -1.1475190946870377E-98
 -1.2781627387322835 -1.2781625569775418 -1.2781616050884483 -1.2781588059300037 -1.2781525897222962 -1.2781408785579442 -1.2781210656585104 -1.2780899889624257 -1.2780438985188082 -1.2779784170370016 -1.2778884928122291 -1.2777683441175233 -1.277611394032467 -1.2774101945869564 -1.2771563390593612 -1.2768403613231191 -1.276451621338261 -1.2759781763118946 -1.2754066378052024 -1.2747220162755086 -1.273907556371044 -1.2729445689352576 -1.2718122693353184 -1.27048763661717 -1.2689453142778273 -1.2671575812117936 -1.265094430524577 -1.262723804006766 -1.2600120402758214 -1.2569246034704133 -1.2534271647368053 -1.2494871075970086 -1.245075516951722 -1.2401696859222164 -1.2347561313140205 -1.2288340450153454 -1.222419025896231 -1.2155468400444224 -1.2082768574936881 -1.2006947279490618 -1.192913807823187 -1.1850748584505936 -1.1773436182779173 -1.1699060168732027 -1.1629610365119604 -1.156711510922114 -1.1513534387294395 -1.147064630695129 -1.1439936388285625 -1.142249533433881 -1.1257801616909743 -1.0433223245133198 -0.8387784549897546 -0.46890209814462324 -0.10624262974715049 -2.6921298122086017E-3 6.813398752763813E-6 4.029283788175616E-9 2.0765014859648734E-13 3.745146029183568E-19 -2.7149217210643843E-27 -5.790909260646624E-34 -8.128270976529681E-43 -1.6641876557580765E-52 -1.7617755182484043E-62 -3.278281454962619E-72 -3.0134156365450093E-81 -2.7183895615964645E-89 -7.2439027280107E-95 -1.1475494993515451E-98
 -1.2781510257312787 -1.2781508440094335 -1.2781498922926104 -1.27814709364075 -1.2781408785579442 -1.2781291695125842 -1.2781093601971154 -1.2780782891201993 -1.2780322070052674 -1.2779667373454983 -1.2778768293353124 -1.2777567022684712 -1.277599780373187 -1.2773986169619571 -1.2771448067354851 -1.2768288851340527 -1.2764402138324655 -1.2759668519018005 -1.2753954129149143 -1.2747109094830553 -1.27389658854031 -1.272933763331106 -1.271801651714224 -1.2704772352835296 -1.2689351600947567 -1.2671477075529047 -1.2650848731516908 -1.2627146008569485 -1.2600032311401878 -1.256916229547174 -1.2534192680424645 -1.2494797302228497 -1.2450687001584346 -1.2401634690738208 -1.234750550663564 -1.2288291323687356 -1.2224148071963412 -1.2155433339337236 -1.2082740739281521 -1.2006926669460684 -1.1929124584296086 -1.1850741980113654 -1.1773436120701152 -1.1699066181465014 -1.1629621869467221 -1.1567131414853561 -1.1513554708826228 -1.1470669778898634 -1.1439962082218642 -1.1422522277905482 -1.1257839943143406 -1.0433309245053754 -0.8387943820750651 -0.4689206205467602 -0.10625086767730549 -2.6925842737039926E-3 6.81366647738622E-6 4.029767984757399E-9 2.076855354413063E-13 3.74632112417016E-19 -2.6989164726058494E-27 -5.789904939591774E-34 -8.127837872187775E-43 -1.664168897227279E-52 -1.7617938822780967E-62 -3.2783589623886833E-72 -3.013513097457851E-81 -2.7184960556349287E-89 -7.244132992678486E-95 -1.1476067712720805E-98
 -1.2781312097253878 -1.2781310280591782 -1.278130076633736 -1.2781272788386883 -1.2781210656585104 -1.2781093601971154 -1.2780895569434451 -1.2780584953705884 -1.2780124273424855 -1.2779469776780736 -1.277857097092638 -1.277737006606392 -1.2775801323902562 -1.2773790299260991 -1.2771252963203185 -1.2768094696633085 -1.2764209145301683 -1.2759476931446784 -1.2753764224821604 -1.2746921187969988 -1.2738780328894867 -1.272915482065112 -1.2717836883968658 -1.2704596377882488 -1.2689179806228125 -1.267131002551857 -1.2650687031086378 -1.262699029938332 -1.2599883266485718 -1.2569020611653223 -1.2534059068374785 -1.249467247388687 -1.2450571654845532 -1.2401529491420864 -1.2347411067943787 -1.228820818360994 -1.2224076669325933 -1.2155373989489288 -1.2082693610650494 -1.2006891762373037 -1.1929101713520968 -1.1850730762489618 -1.1773435968944587 -1.1699076304852957 -1.1629641281582954 -1.1567158948064233 -1.1513589034710836 -1.1470709433546961 -1.144000549524427 -1.1422567804625436 -1.1257904723144565 -1.04334546642434 -0.8388213182828536 -0.468951948879369 -0.10626480217516497 -2.6933530763548342E-3 6.814119174785619E-6 4.030587054478136E-9 2.0774539839595463E-13 3.7483090900391274E-19 -2.6718381501910772E-27 -5.788205635577595E-34 -8.127104907122698E-43 -1.6641371148429811E-52 -1.7618249022668955E-62 -3.278490000849968E-72 -3.013677901072954E-81 -2.718676150434572E-89 -7.244522346120529E-95 -1.147703635034339E-98
 -1.2781001281588144 -1.2780999465798361 -1.278098995611242 -1.2780961991595563 -1.2780899889624257 -1.2780782891201993 -1.2780584953705884 -1.2780274486987552 -1.2779814027568681 -1.2779159844424068 -1.2778261468551681 -1.277706113722238 -1.2775493142604164 -1.2773483073528684 -1.2770946938777814 -1.276779016080603 -1.2763906430837168 -1.275917642053941 -1.2753466353012643 -1.274662644792076 -1.2738489273884876 -1.2728868067632772 -1.271755511596973 -1.2704320345502115 -1.2688910327922673 -1.2671047986324641 -1.2650433379379348 -1.2626746041231244 -1.259964945713306 -1.2568798343670182 -1.2533849456044272 -1.2494476633489182 -1.2450390680649932 -1.2401364427414394 -1.2347262875628977 -1.2288077706569624 -1.2223964595671832 -1.2155280813740532 -1.208261959696906 -1.20068369113523 -1.1929065734811505 -1.1850713055392858 -1.1773435612699927 -1.1699092059702747 -1.1629671600913393 -1.1567202001101821 -1.15136427385516 -1.1470771492824276 -1.1440073447622631 -1.1422639071261255 -1.125800617892701 -1.0433682565421174 -0.8388635447527847 -0.4690010679206633 -0.10628665248380131 -2.6945588145921863E-3 6.81482863215325E-6 4.031871539296203E-9 2.0783928290402598E-13 3.751427092156944E-19 -2.629363778548872E-27 -5.785539762369308E-34 -8.12595463557533E-43 -1.6640871455314785E-52 -1.7618734354103847E-62 -3.278695312386777E-72 -3.013936193598016E-81 -2.7189584500353253E-89 -7.245132525519966E-95 -1.1478554941998607E-98
 -1.278054030496189 -1.2780538490465025 -1.2780528987550376 -1.2780501042944856 -1.2780438985188082 -1.2780322070052674 -1.2780124273424855 -1.277981402756868 -1.2779353895509832 -1.277870017703187 -1.2777802438475782 -1.27766029572333 -1.2775036070618512 -1.2773027417877025 -1.2770493063696422 -1.276733849211738 -1.2763457461763973 -1.2758730717570718 -1.2753024561709094 -1.2746189298507817 -1.2738057586438413 -1.2728442756607492 -1.2717137193761272 -1.2703910924665384 -1.2688510621597157 -1.267065930634321 -1.2650057131465728 -1.2626383716633182 -1.259930262000192 -1.256846861349759 -1.2533538484522803 -1.2494186075291713 -1.2450122157844492 -1.2401119487561651 -1.2347042944049402 -1.2287884033818265 -1.2223798201874895 -1.2155142432083794 -1.2082509619195513 -1.2006755338525436 -1.1929012136727148 -1.1850686541802573 -1.1773434818900507 -1.1699115148104206 -1.1629716279025017 -1.1567265555169568 -1.1513722081031396 -1.1470863221184841 -1.1440173911787612 -1.1422744448418336 -1.125815630821713 -1.0434020143339777 -0.8389261195582507 -0.46907387306269027 -0.10631904547587637 -2.6963467651338777E-3 6.815879489040526E-6 4.033776060853101E-9 2.0797850007480277E-13 3.756051150451845E-19 -2.5663651626734233E-27 -5.781584828311769E-34 -8.124247275241093E-43 -1.6640127690957558E-52 -1.7619451418399624E-62 -3.2789993120874883E-72 -3.014318815523603E-81 -2.719376728387772E-89 -7.246036315658485E-95 -1.148080556740184E-98
 -1.277988538767475 -1.277988357501315 -1.277987408170986 -1.2779846165367054 -1.2779784170370016 -1.2779667373454983 -1.2779469776780736 -1.2779159844424068 -1.277870017703187 -1.2778047118118343 -1.2777150284192153 -1.2775952009593867 -1.2774386695720094 -1.2772380053376317 -1.276984822660488 -1.2766696786865576 -1.2762819588454281 -1.2758097480304548 -1.275239687682751 -1.2745568202532351 -1.2737444243432762 -1.2727838464607135 -1.2716543389831451 -1.2703329188052665 -1.2687942674335923 -1.2670107010574365 -1.264952248262376 -1.262586883157421 -1.259880971909383 -1.2567999995694263 -1.2533096494522761 -1.2493773062064126 -1.244974042412016 -1.2400771230353071 -1.2346730186894434 -1.2287608552216193 -1.2223561444263921 -1.2154945439611131 -1.2082352948334387 -1.2006638991161842 -1.1928935502521433 -1.1850648357313737 -1.177343314710533 -1.1699147380598662 -1.1629779161538158 -1.1567355235300418 -1.1513834175637227 -1.1470992899860616 -1.1440315992620411 -1.1422893504208884 -1.1258368899103452 -1.0434498871574133 -0.8390149139152971 -0.469177217888355 -0.10636503884658606 -2.6988863171331567E-3 6.8173696846876864E-6 4.036480777052665E-9 2.081762376549057E-13 3.762619996363864E-19 -2.476853567909703E-27 -5.7759636720172994E-34 -8.121818786472075E-43 -1.6639065555526325E-52 -1.762046454407523E-62 -3.279430180671591E-72 -3.014861476634569E-81 -2.7199701519892912E-89 -7.247317928814606E-95 -1.1483999734103645E-98
 -1.277898600488501 -1.2778984194740532 -1.2778974714619795 -1.2778946837040938 -1.2778884928122291 -1.2778768293353124 -1.277857097092638 -1.2778261468551681 -1.2777802438475782 -1.2777150284192153 -1.2776254691016954 -1.2775058071400062 -1.2773494914631065 -1.2771491029664676 -1.2768962669384542 -1.2765815525152164 -1.2761943582485697 -1.2757227832963105 -1.2751534844944365 -1.2744715207780201 -1.2736601882425813 -1.272700851772273 -1.271572782815144 -1.2702530177690167 -1.2687162577273425 -1.2669348380992133 -1.2648788057562923 -1.2625161514661196 -1.25981325559842 -1.256735613989344 -1.25324891623494 -1.249320547577144 -1.2449215742622197 -1.2400292467643172 -1.2346300119106203 -1.2287229615341033 -1.2223235625746045 -1.2154674168276182 -1.2082136988216276 -1.2006478345566296 -1.1928829334919786 -1.1850594935226326 -1.1773429813958686 -1.1699190558700693 -1.1629864387039323 -1.1567477223651616 -1.1513986914020255 -1.1471169761710746 -1.1440509869005348 -1.1423096949583555 -1.1258659509925721 -1.0435154630740577 -0.8391366496610972 -0.4693189660800928 -0.10642814729732628 -2.702372646535911E-3 6.819410840726816E-6 4.040193063479516E-9 2.084476898116239E-13 3.7716396450267742E-19 -2.3539131909952423E-27 -5.768239840413922E-34 -8.118478424997013E-43 -1.6637596530881348E-52 -1.7621845119998515E-62 -3.280019919043649E-72 -3.0156049140542564E-81 -2.720783500519747E-89 -7.24907332678867E-95 -1.1488379848694034E-98
 -1.277778433047537 -1.277778252368832 -1.2777773061151174 -1.2777745235277824 -1.2777683441175233 -1.2777567022684712 -1.277737006606392 -1.2777061137222383 -1.27766029572333 -1.2775952009593867 -1.2775058071400062 -1.2773863659288331 -1.2772303379786105 -1.2770303172766137 -1.2767779436292774 -1.2764638021662588 -1.2760773089430004 -1.275606582144719 -1.2750382991429303 -1.2743575408615632 -1.2735476267325707 -1.2725899461538243 -1.2714637960136756 -1.2701462387282531 -1.2686120015220356 -1.2668334454466354 -1.2647806417720568 -1.2624216034947055 -1.2597227299391504 -1.2566495313388246 -1.253167705681052 -1.2492446390132305 -1.244851389147404 -1.2399651872414312 -1.2345724484082272 -1.228672219120962 -1.2222799064960692 -1.2154310378183568 -1.2081846989365532 -1.2006262143661345 -1.1928685815209802 -1.185052178755741 -1.1773423495142847 -1.1699246296404193 -1.1629976226356921 -1.1567638114389342 -1.1514188833991243 -1.147140386953715 -1.1440766679442753 -1.142336652805544 -1.125904539668123 -1.0436027798985683 -0.8392989360861174 -0.46950804642522814 -0.10651237153407904 -2.707028653133607E-3 6.822128515107292E-6 4.045149426721188E-9 2.0881020709500456E-13 3.783688760502308E-19 -2.189621837458958E-27 -5.757911954560928E-34 -8.114005645479633E-43 -1.6635614982369305E-52 -1.7623670405595237E-62 -3.2808043394797572E-72 -3.0165950124923816E-81 -2.721867368636159E-89 -7.251410429365556E-95 -1.1494220720122372E-98
 -1.277621458528621 -1.2776212782875331 -1.2776203343256724 -1.2776175584776168 -1.277611394032467 -1.277599780373187 -1.2775801323902562 -1.2775493142604164 -1.2775036070618512 -1.2774386695720094 -1.2773494914631065 -1.2772303379786105 -1.2770746850521801 -1.2768751437352232 -1.2766233727574751 -1.2763099780951066 -1.275924398618713 -1.2754547773150741 -1.2748878183234642 -1.2742086312304001 -1.2734005658877143 -1.272445043648602 -1.271321394565627 -1.2700067149739733 -1.2684757661658425 -1.2667009426257902 -1.26465234743734 -1.262298022585097 -1.2596043921169957 -1.256536985051877 -1.2530615103364735 -1.2491453550918076 -1.2447595661613162 -1.239881349550055 -1.234497079056329 -1.2286057420488725 -1.2222226676810303 -1.2153832861217142 -1.2081465676238265 -1.2005977044029167 -1.192849547791829 -1.1850423202788158 -1.1773412045205877 -1.169931576066793 -1.1630118841853047 -1.1567844689527808 -1.1514448909276133 -1.147170591680738 -1.1441098330533898 -1.1423714828560076 -1.1259545366070293 -1.0437163280781711 -0.8395103036751338 -0.46975450928903295 -0.10662222981530728 -2.7131071807450246E-3 6.825662245210712E-6 4.05161765560732E-9 2.0928346807963403E-13 3.7994249044040227E-19 -1.9749569203506022E-27 -5.74440687612931E-34 -8.108146205338705E-43 -1.6632994254425615E-52 -1.7626021619627063E-62 -3.28182296138257E-72 -3.017882860143717E-81 -2.7232783273020047E-89 -7.254449138292845E-95 -1.1501831022855478E-98
 -1.2774202278499224 -1.2774200481682178 -1.2774191071359668 -1.2774163399025697 -1.2774101945869564 -1.2773986169619571 -1.2773790299260991 -1.2773483073528684 -1.2773027417877025 -1.2772380053376317 -1.2771491029664676 -1.2770303172766137 -1.2768751437352232 -1.2766762152068473 -1.2764252146110557 -1.2761127745726443 -1.275728363127711 -1.2752601549683388 -1.2746948884531894 -1.2740177098113691 -1.2732120077848794 -1.2722592445814087 -1.2711387926553334 -1.2698277917109446 -1.2683010466023982 -1.2665309945680511 -1.26448777937881 -1.262139480099113 -1.2594525524091271 -1.2563925493736554 -1.2529251939850987 -1.2490178747761297 -1.2446416246097447 -1.2397736173783784 -1.234400174104887 -1.2285202066350557 -1.2221489444816833 -1.2153216936750408 -1.2080972766871782 -1.2005607165767211 -1.192824677877264 -1.1850291837420032 -1.1773392111762155 -1.1699399306856597 -1.163029594224696 -1.1568103590842802 -1.151477623582989 -1.1472086925333608 -1.1441517202712607 -1.1424154995729556 -1.1260179527605604 -1.0438610444509746 -0.8397802316784946 -0.470069582434588 -0.10676279166273579 -2.7208935423034684E-3 6.8301652761218635E-6 4.059899214120887E-9 2.09889674271013E-13 3.8195917706072665E-19 -1.69968457331545E-27 -5.727071451097189E-34 -8.100607286167697E-43 -1.6629581479332196E-52 -1.7628981061046344E-62 -3.283118771425785E-72 -3.0195247067120495E-81 -2.7250790171495647E-89 -7.258321087287316E-95 -1.1511554626450951E-98
 -1.2771663330569766 -1.2771661540785175 -1.2771652167292797 -1.2771624603259508 -1.2771563390593612 -1.2771448067354851 -1.2771252963203185 -1.2770946938777811 -1.2770493063696422 -1.276984822660488 -1.2768962669384542 -1.2767779436292774 -1.2766233727574751 -1.2764252146110557 -1.2761751825213711 -1.2758639426166433 -1.2754809996011873 -1.2750145680292768 -1.2744514292836497 -1.2737767756654501 -1.2729740448163815 -1.2720247503159338 -1.2709083179387044 -1.2696019419290383 -1.2680804819281397 -1.2663164289506081 -1.2642799779515752 -1.2619392546506784 -1.2592607545413 -1.25621006097057 -1.2527529146469005 -1.248856705940098 -1.2444924502018523 -1.2396372810167366 -1.234277453117226 -1.2284117834500887 -1.2220553762914516 -1.215243381612073 -1.2080344360707215 -1.2005133500018863 -1.1927925529937102 -1.1850118174507495 -1.177335861647028 -1.169949598084692 -1.1630510304065178 -1.1568420858428258 -1.1515179584843544 -1.147255780970827 -1.1442035722791072 -1.1424700307017336 -1.126096891306742 -1.0440422933017314 -0.8401191656877877 -0.47046572346156795 -0.10693971318576767 -2.7307083719205226E-3 6.835803843148683E-6 4.070331875748253E-9 2.1065376986055002E-13 3.845027519925232E-19 -1.3522293394140774E-27 -5.705162567563863E-34 -8.091051413837099E-43 -1.6625190758038966E-52 -1.7632627958895832E-62 -3.284737798220049E-72 -3.0215817816229993E-81 -2.727338139220466E-89 -7.263169006161876E-95 -1.1523771671945448E-98
 -1.2768503066651344 -1.2768501285581035 -1.2768491957726675 -1.276846452789401 -1.2768403613231191 -1.2768288851340527 -1.2768094696633085 -1.276779016080603 -1.276733849211738 -1.2766696786865576 -1.2765815525152164 -1.2764638021662588 -1.2763099780951066 -1.2761127745726443 -1.2758639426166433 -1.2755541898735107 -1.275173066488576 -1.2747088364163536 -1.2741483343598305 -1.2734768097198325 -1.2726777607448134 -1.2717327646883285 -1.2706213134182977 -1.2693206687899145 -1.2678057583682067 -1.2660491398471105 -1.2640210716581932 -1.261689737395073 -1.2590216819570214 -1.2559825262966997 -1.25253803316525 -1.2486555953055731 -1.2443062064698304 -1.2394669503926318 -1.2341239997513697 -1.2282760539698138 -1.2219380621808744 -1.2151449809799026 -1.2079552167322071 -1.2004533160741397 -1.192751417295424 -1.184988981852264 -1.1773304071140031 -1.169960285523859 -1.163076312634815 -1.1568801301829525 -1.1515666787804135 -1.1473128773411218 -1.1442665767923532 -1.1425363581104706 -1.1261934926194032 -1.0442658304434797 -0.8405385205269589 -0.4709566653966738 -0.10715927325504049 -2.7429108245738353E-3 6.842755845154914E-6 4.083292592587399E-9 2.1160368777528356E-13 3.8766743369748192E-19 -9.195215778132262E-28 -5.677835222952956E-34 -8.079088918429899E-43 -1.6619594303339655E-52 -1.7637032682653164E-62 -3.286728440218974E-72 -3.024119920465013E-81 -2.730130299819459E-89 -7.269145560400898E-95 -1.1538899243373372E-98
 -1.2764615071481604 -1.276461330107354 -1.2764604029059112 -1.276457676342638 -1.276451621338261 -1.2764402138324655 -1.2764209145301683 -1.2763906430837168 -1.2763457461763973 -1.2762819588454281 -1.2761943582485697 -1.2760773089430004 -1.275924398618713 -1.275728363127711 -1.2754809996011873 -1.275173066488576 -1.2747941695395748 -1.2743326331596138 -1.2737753573018117 -1.2731076612452085 -1.2723131174123616 -1.2713733809899101 -1.2702680247463382 -1.2689743933030517 -1.2674674973847273 -1.2657199763343434 -1.2637021663271441 -1.2613823218602924 -1.2587270483906485 -1.2557020130051341 -1.252273005560617 -1.2484074218489922 -1.2440762293445031 -1.239256450935089 -1.2339341590336605 -1.2281079093767088 -1.2217924613386912 -1.2150225349205421 -1.2078562546488813 -1.2003778443619836 -1.192699085683738 -1.1849590592605081 -1.177321769372321 -1.1699714163237098 -1.1631053181122932 -1.1569247665352462 -1.1516243914455772 -1.1473808496852964 -1.1443417860845763 -1.1426156377218212 -1.126309858020027 -1.0445377453272426 -0.8410506627958695 -0.4715574510799573 -0.10742840947879585 -2.7579021399572914E-3 6.851208706352526E-6 4.0992005826391095E-9 2.1277062311859478E-13 3.91558933440989E-19 -3.8681945992788866E-28 -5.644128254717386E-34 -8.064268632785575E-43 -1.6612511059837173E-52 -1.7642248869949318E-62 -3.2891404723712817E-72 -3.02720893593138E-81 -2.7335356559940292E-89 -7.276411496021856E-95 -1.1557391443866021E-98
 -1.275987990097513 -1.2759878143466636 -1.2759868939009573 -1.275984187203228 -1.2759781763118946 -1.2759668519018005 -1.2759476931446784 -1.275917642053941 -1.2758730717570718 -1.2758097480304548 -1.2757227832963105 -1.275606582144719 -1.2754547773150741 -1.2752601549683388 -1.2750145680292768 -1.2747088364163536 -1.2743326331596138 -1.2738743558116578 -1.2733209832833631 -1.272657919416348 -1.2718688264001867 -1.2709354537451755 -1.2698374721444942 -1.268552326414457 -1.2670551279661417 -1.2653186150190516 -1.263313217920035 -1.2610072770839413 -1.2583674713907702 -1.2553595239224266 -1.2519492575287691 -1.2481040719045362 -1.243794902952685 -1.238998700162532 -1.2337014148392977 -1.2279014290384715 -1.2216132726541255 -1.2148713794582997 -1.207733532902569 -1.2002835660670183 -1.192632828699226 -1.1849199402093861 -1.1773084286416624 -1.1699820190909757 -1.1631375718982832 -1.15697595457117 -1.1516914200850314 -1.1474603073786444 -1.1444300112290513 -1.1427087940961093 -1.1264479476069677 -1.044864375463582 -0.8416688663376712 -0.4722844509393678 -0.10775475257019314 -2.7761295788625134E-3 6.861356178318052E-6 4.118520604027106E-9 2.1418933443011945E-13 3.9629569234565567E-19 2.6249773803959825E-28 -5.602947352130978E-34 -8.046066485967414E-43 -1.6603592234384357E-52 -1.7648302946343298E-62 -3.2920236420686413E-72 -3.0309216559856893E-81 -2.737639296217004E-89 -7.285132883189631E-95 -1.1579738639331113E-98
 -1.2754163653307672 -1.2754161911248411 -1.2754152787701564 -1.2754125958644515 -1.2754066378052024 -1.2753954129149143 -1.2753764224821604 -1.2753466353012643 -1.2753024561709094 -1.275239687682751 -1.2751534844944365 -1.2750382991429303 -1.2748878183234644 -1.2746948884531894 -1.2744514292836497 -1.2741483343598305 -1.2737753573018117 -1.2733209832833631 -1.2727722858018057 -1.2721147700059463 -1.2713322056357936 -1.270406455222174 -1.2693173068072896 -1.2680423252942707 -1.2665567427918511 -1.2648334160752752 -1.2628428884409614 -1.2605536033990454 -1.2579323279929206 -1.2549448526264723 -1.2515570399512105 -1.2477362946446168 -1.2434535151164864 -1.2386855632616076 -1.2334182456231774 -1.2276497364742522 -1.2213942910107604 -1.2146860002199231 -1.207582238926122 -1.2001663718935202 -1.1925492311014112 -1.1848688828132902 -1.1772882837552678 -1.1699905887545185 -1.1631721087761941 -1.1570332018500106 -1.1517676682721116 -1.147551465034662 -1.1445316864157517 -1.1428163849855603 -1.1266094471377461 -1.0452521867984307 -0.8424072327812092 -0.47315535752210896 -0.1081466572239533 -2.798090726319723E-3 6.873393780921373E-6 4.141766363652579E-9 2.158984720591291E-13 4.0201027487254115E-19 1.0471683116643471E-27 -5.553044941444277E-34 -8.023871609447128E-43 -1.6592403089551671E-52 -1.7655180424547777E-62 -3.2954257485172712E-72 -3.0353325367553093E-81 -2.7425302772095197E-89 -7.295477211045129E-95 -1.1606465578101548E-98
 -1.2747316414382903 -1.2747314690656827 -1.2747305663124244 -1.2747279116401524 -1.2747220162755086 -1.2747109094830553 -1.2746921187969988 -1.274662644792076 -1.2746189298507817 -1.2745568202532351 -1.2744715207780201 -1.2743575408615632 -1.2742086312304001 -1.2740177098113691 -1.2737767756654501 -1.2734768097198325 -1.2731076612452085 -1.272657919416348 -1.2721147700059463 -1.2714638384248027 -1.2706890220982398 -1.2697723177516344 -1.2686936527804473 -1.2674307347166444 -1.2659589390541656 -1.2642512634479305 -1.262278385461895 -1.2600088712239068 -1.2574095927212682 -1.2544464206143504 -1.2510852651930246 -1.2472935374842348 -1.2430420918557985 -1.2383076866969826 -1.2330759571656895 -1.2273448312859323 -1.2211282384735686 -1.214459862966775 -1.2073965944870372 -1.2000212416017286 -1.192444021116389 -1.1848023418329216 -1.177258481159466 -1.1699949155985391 -1.1632073023978721 -1.1570953931247338 -1.1518524490362767 -1.147653972166405 -1.1446466987514607 -1.1429384312184445 -1.126795598884311 -1.0457076132231024 -0.843280568199943 -0.47418914875700346 -0.10861322702305509 -2.824338132988661E-3 6.887512521063806E-6 4.169503977666673E-9 2.1794093114400133E-13 4.088509241742216E-19 1.9883216926386105E-27 -5.492996532693075E-34 -7.996969545715686E-43 -1.6578400278973164E-52 -1.7662808283462577E-62 -3.299390082420913E-72 -3.040515741162369E-81 -2.7483002227050392E-89 -7.307608041542278E-95 -1.1638128032087873E-98
 -1.2739170610870538 -1.2739168908716531 -1.27391599941606 -1.2739133779651012 -1.273907556371044 -1.27389658854031 -1.2738780328894867 -1.2738489273884876 -1.2738057586438413 -1.2737444243432762 -1.2736601882425813 -1.2735476267325707 -1.2734005658877143 -1.2732120077848794 -1.2729740448163815 -1.2726777607448134 -1.2723131174123616 -1.2718688264001867 -1.2713322056357936 -1.2706890220982398 -1.2699233235359312 -1.2690172646817114 -1.2679509370393784 -1.2667022161406302 -1.2652466464129146 -1.2635573915468911 -1.2616052874184386 -1.2593590448204967 -1.2567856596727557 -1.2538510975810275 -1.250521325455221 -1.2467637624006222 -1.242549211588688 -1.2378543102305596 -1.2326644923780352 -1.226977396749764 -1.2208065697028718 -1.2141852169040223 -1.2071696570006318 -1.1998420434669607 -1.192311868211518 -1.1847157649562187 -1.177215209903904 -1.169991879168423 -1.163240658306091 -1.1571605826693522 -1.1519442766655463 -1.1477667046139692 -1.1447741794424075 -1.1430742077513196 -1.1270069917438507 -1.0462368482584092 -0.844304205929097 -0.47540601037427315 -0.10916433014377411 -2.8554842314379076E-3 6.903890463248246E-6 4.202355359155615E-9 2.2036422395022065E-13 4.169832770614165E-19 3.1097889719222145E-27 -5.421173148639327E-34 -7.964522141298846E-43 -1.6560903949655301E-52 -1.76710326495619E-62 -3.303952085993454E-72 -3.0465425573331657E-81 -2.7550413738378776E-89 -7.321677883829766E-95 -1.1675307534615716E-98
 -1.272953933039423 -1.272953765342387 -1.2729528870759012 -1.2729503044081216 -1.2729445689352576 -1.272933763331106 -1.272915482065112 -1.2728868067632772 -1.2728442756607492 -1.2727838464607135 -1.272700851772273 -1.2725899461538243 -1.2724450436486016 -1.2722592445814087 -1.2720247503159338 -1.2717327646883285 -1.2713733809899101 -1.2709354537451755 -1.270406455222174 -1.2697723177516344 -1.2690172646817114 -1.2681236353502292 -1.2670717130305155 -1.2658395696174438 -1.2644029470516344 -1.262735203223029 -1.2608073592671251 -1.2585882953885947 -1.2560451528019074 -1.2531440086525913 -1.249850896724089 -1.246133246383566 -1.2419618018923967 -1.2373130598357702 -1.2321722202534122 -1.2265365847363773 -1.2204192528295312 -1.2138528715563032 -1.2068930925124463 -1.199621303534963 -1.192146148846523 -1.1846033553174222 -1.177153461241407 -1.1699772052940731 -1.1632685687425781 -1.1572257472407503 -1.1520406181906148 -1.1478875149123903 -1.144912253398195 -1.143221992851732 -1.1272433068751421 -1.0468455823282414 -0.8454937648395346 -0.476827206249948 -0.10981060169216841 -2.892206412356082E-3 6.92268165962746E-6 4.24100135084748E-9 2.232208622853727E-13 4.265922237866077E-19 4.4384508502138655E-27 -5.335709546087959E-34 -7.925543733525251E-43 -1.653906382178609E-52 -1.767959094907923E-62 -3.309135078845647E-72 -3.0534780148421613E-81 -2.7628439647603734E-89 -7.337818906696454E-95 -1.1718603714469454E-98
 -1.2718214705029888 -1.2718213057241576 -1.2718204427407817 -1.2718179050137063 -1.2718122693353184 -1.271801651714224 -1.2717836883968658 -1.271755511596973 -1.2717137193761272 -1.2716543389831451 -1.271572782815144 -1.2714637960136756 -1.271321394565627 -1.2711387926553334 -1.2709083179387044 -1.2706213134182977 -1.270268024746338 -1.2698374721444942 -1.2693173068072896 -1.2686936527804473 -1.2679509370393784 -1.2670717130305155 -1.266036486494665 -1.2648235571857286 -1.2634088963166696 -1.2617660873027385 -1.259866366549952 -1.2576788112823693 -1.2551707319050144 -1.2523083357540492 -1.2490577351478746 -1.2453863724657643 -1.241264924862624 -1.2366697271036406 -1.231585709092458 -1.2260097825950257 -1.219954529914981 -1.213451950806851 -1.2065569234119013 -1.199349947200303 -1.191938682199541 -1.1844578017410596 -1.1770667538378527 -1.169945186778791 -1.1632860293802615 -1.157286499455635 -1.1521376040313358 -1.1480129408456491 -1.1450577463364568 -1.1433787743976298 -1.1275030169951798 -1.0475386801765325 -0.8468648320832212 -0.47847488374867386 -0.11056342736015876 -2.9352520714597757E-3 6.944001885899463E-6 4.286184342933009E-9 2.265687349263205E-13 4.378838784947731E-19 6.004620779866651E-27 -5.2344681171005954E-34 -7.87887332406306E-43 -1.6511818509802439E-52 -1.7688077691182026E-62 -3.31494488642084E-72 -3.0613765442468855E-81 -2.7717927828076797E-89 -7.356131071228473E-95 -1.1768623649099926E-98
 -1.27049665031525 -1.270496488894006 -1.2704956434948946 -1.2704931574751672 -1.27048763661717 -1.2704772352835296 -1.270459637788249 -1.2704320345502115 -1.2703910924665384 -1.2703329188052667 -1.2702530177690167 -1.2701462387282531 -1.2700067149739733 -1.2698277917109446 -1.2696019419290383 -1.2693206687899145 -1.2689743933030517 -1.268552326414457 -1.2680423252942707 -1.2674307347166444 -1.2667022161406302 -1.2658395696174438 -1.2648235571857286 -1.2636327411915961 -1.262243357173726 -1.2606292486855088 -1.2587619006108148 -1.256610617802508 -1.2541429064310751 -1.2513251248784098 -1.2481234772110474 -1.244505422270155 -1.2404415615384944 -1.2359080451032837 -1.2308894934281504 -1.2253823708602995 -1.2193986652624253 -1.2129696317554286 -1.2061492579101522 -1.1990170195147378 -1.1916794416557636 -1.184269981895647 -1.1769468292013336 -1.169888371826373 -1.163286321565368 -1.1573367647404442 -1.1522297006047803 -1.1481378747035984 -1.1452058517058134 -1.143539915498523 -1.1277830405126132 -1.0483197951882508 -0.8484325597708778 -0.48037179953830116 -0.11143490171409264 -2.985443333527061E-3 6.967910584385054E-6 4.33871001297935E-9 2.304714568964409E-13 4.510875974625537E-19 7.842456795038593E-27 -5.114998663202222E-34 -7.82314260183625E-43 -1.6477847510429416E-52 -1.7695903112591194E-62 -3.3213632092611513E-72 -3.070276519907977E-81 -2.7819627628713374E-89 -7.376667249230105E-95 -1.1825967590248946E-98
 -1.2689541137554825 -1.268953956170931 -1.2689531308652597 -1.2689507039312126 -1.2689453142778273 -1.2689351600947567 -1.2689179806228125 -1.2688910327922673 -1.2688510621597157 -1.2687942674335923 -1.2687162577273425 -1.2686120015220356 -1.2684757661658425 -1.2683010466023982 -1.2680804819281397 -1.2678057583682067 -1.2674674973847273 -1.2670551279661417 -1.2665567427918511 -1.2659589390541656 -1.2652466464129146 -1.2644029470516344 -1.2634088963166696 -1.262243357173726 -1.2608828679027492 -1.259301570175443 -1.2574712338516322 -1.2553614251328675 -1.2529398753327092 -1.2501731170748673 -1.247027461087038 -1.2434703869770034 -1.2394724117760194 -1.2350094765187957 -1.2300658498724035 -1.2246374863684865 -1.2187356955005772 -1.2123908816265283 -1.2056560138070648 -1.1986093960372614 -1.1913562531609653 -1.1840286487661477 -1.1767833270757523 -1.1697972293294274 -1.1632606686252624 -1.1573684299111255 -1.1523093525315217 -1.1482552005471442 -1.1453497644977308 -1.143698786376808 -1.1280783562208094 -1.049190921000036 -0.850211166559066 -0.48254095003568503 -0.11243775281671996 -3.0436810167859674E-3 6.994388404617278E-6 4.399447690672974E-9 2.349986563471711E-13 4.664579409355957E-19 9.990389101807562E-27 -4.974494723516869E-34 -7.756739973659464E-43 -1.6435515611072787E-52 -1.7702244109433743E-62 -3.32833959058179E-72 -3.080193533373441E-81 -2.793413464947663E-89 -7.39941491044719E-95 -1.1891210364992837E-98
 -1.2671661375422313 -1.2671659843124611 -1.2671651818134814 -1.2671628219436223 -1.2671575812117932 -1.2671477075529047 -1.267131002551857 -1.2671047986324641 -1.267065930634321 -1.2670107010574365 -1.2669348380992133 -1.2668334454466354 -1.2667009426257904 -1.2665309945680511 -1.2663164289506081 -1.2660491398471105 -1.2657199763343434 -1.2653186150190516 -1.2648334160752752 -1.2642512634479308 -1.2635573915468911 -1.262735203223029 -1.2617660873027385 -1.2606292486855088 -1.259301570175443 -1.2577575329311685 -1.2559692316175987 -1.253906530678673 -1.251537418840371 -1.248828628623088 -1.245746594176154 -1.2422588212103717 -1.2383357335161881 -1.2339530374091371 -1.22909460458672 -1.2237558127999188 -1.217947202733612 -1.2116982132683562 -1.2050606563128154 -1.1981115032046065 -1.1909544986323783 -1.183720117865107 -1.1765634574744021 -1.1696598069942885 -1.1631978815769026 -1.1573709781510777 -1.1523666087301644 -1.1483554133936282 -1.1454802955909835 -1.1438463760016022 -1.1283815906435841 -1.0501518862032881 -0.8522133381212444 -0.4850050898937808 -0.11358522305501363 -3.110947208939532E-3 7.023309781797647E-6 4.469328679160577E-9 2.402261499757235E-13 4.842764166425682E-19 1.2491541180449259E-26 -4.8097478766529114E-34 -7.677771235422493E-43 -1.638281004178696E-52 -1.7705987266481522E-62 -3.335781886409672E-72 -3.09111227267816E-81 -2.8061822984319542E-89 -7.424274035383117E-95 -1.196487774365373E-98
 -1.2651027127110583 -1.265102564391214 -1.2651017876063592 -1.2650995033501042 -1.265094430524577 -1.2650848731516908 -1.2650687031086378 -1.2650433379379348 -1.2650057131465728 -1.264952248262376 -1.2648788057562923 -1.264780641772057 -1.26465234743734 -1.26448777937881 -1.2642799779515752 -1.2640210716581932 -1.2637021663271441 -1.263313217920035 -1.2628428884409614 -1.262278385461895 -1.2616052874184386 -1.2608073592671251 -1.259866366549952 -1.2587619006108148 -1.2574712338516322 -1.2559692316175987 -1.2542283565073992 -1.2522188112756384 -1.2499088772622457 -1.2472655150847442 -1.244255301061221 -1.2408457735700613 -1.2370072546169901 -1.2327151891530232 -1.2279530042823518 -1.2227154298494631 -1.217012141213029 -1.2108714889150193 -1.2043439787848366 -1.197505076253133 -1.1904568516225966 -1.1833279815525297 -1.1762716949236047 -1.1694614071154671 -1.1630840183520267 -1.1573311338847933 -1.1523887553732343 -1.1484262428795388 -1.145585488890112 -1.1439709055690483 -1.1286825985737161 -1.051199805498661 -0.8544495254136111 -0.4877861221354227 -0.11489089406575376 -3.188305575314469E-3 7.054410143886232E-6 4.549341652778287E-9 2.462359385872713E-13 5.048527646113436E-19 1.5394109072839905E-26 -4.617102509748754E-34 -7.584018235947513E-43 -1.6317271604629258E-52 -1.77056644518303E-62 -3.343545230399184E-72 -3.1029769428416353E-81 -2.8202763955184647E-89 -7.451031071411993E-95 -1.204741712115966E-98
