 -1.2466294275409015 -1.2466292722568173 -1.2466284590011416 -1.2466260675210765 -1.2466207567048961 -1.2466107514349813 -1.24659382504139 -1.2465672770693343 -1.2465279059928116 -1.246471976424048 -1.2463951802848067 -1.246292591325771 -1.2461586123123815 -1.24598691415376 -1.2457703662559118 -1.245500957461639 -1.245169707139346 -1.2447665663590872 -1.2442803097230907 -1.2436984193963744 -1.2430069643319436 -1.2421904797440403 -1.2412318547065941 -1.240112239494995 -1.2388109890701974 -1.2373056649760276 -1.235572124796014 -1.2335847358853948 -1.2313167577165915 -1.228740943766859 -1.225830417799955 -1.2225598784193205 -1.2189071771333088 -1.2148552958261777 -1.2103947166500634 -1.2055261291563124 -1.200263356303338 -1.1946363064567397 -1.1886936805820604 -1.1825050950758888 -1.1761622373657454 -1.169778671083821 -1.163487965141515 -1.157439943762809 -1.1517950380312951 -1.14671694531277 -1.1423640396515388 -1.138880183211087 -1.1363857097932017 -1.1349690578196431 -1.1215915301561134 -1.0544691400294792 -0.8851025888550913 -0.5581002079544475 -0.1743130804129848 -0.010639992859852059 1.1996020752018483E-5 6.071656657206494E-8 6.288891937556386E-12 2.2229082991352881E-17 -8.323161792241473E-23 -1.7994242546586282E-29 -3.0046171774259844E-37 -9.830495324526511E-46 -1.601037944273387E-54 -3.376679995496565E-63 -2.115041541277906E-71 -1.7143965132565644E-78 -1.6861907842741853E-83 -1.3012664536941137E-86
 -1.2466292722568173 -1.2466291169731198 -1.2466283037194911 -1.2466259122454397 -1.2466206014426013 -1.2466105961978244 -1.246593669846747 -1.2465671219413538 -1.246527750963635 -1.2464718215351151 -1.2463950255882292 -1.2462924368857637 -1.2461584582067932 -1.2459867604756438 -1.245770213115204 -1.2455008049868683 -1.2451695554793771 -1.2447664156849047 -1.2442801602295534 -1.243698271303901 -1.2430068178880988 -1.2421903352248986 -1.2412317124178482 -1.2401120997726282 -1.2388108522806662 -1.2373055315157577 -1.2355719950899897 -1.2335846103847538 -1.2313166368949455 -1.2287408281151315 -1.2258303078196046 -1.2225597746137575 -1.2189070799973638 -1.214855205833733 -1.2103946342398441 -1.2055260547161783 -1.2002632901535146 -1.1946362488325892 -1.1886936316172465 -1.18250505478683 -1.1761622056383735 -1.1697786476636393 -1.1634879496277927 -1.1574399356075171 -1.1517950365431262 -1.1467169496661855 -1.1423640489005093 -1.1388801963069157 -1.136385725605719 -1.1349690751613144 -1.1215915614724603 -1.0544692310438261 -0.8851027794340636 -0.5581004639121544 -0.17431323645149945 -0.01064001157146111 1.1995968175584063E-5 6.071666185895682E-8 6.2889060120713635E-12 2.2229255726074074E-17 -8.323153486470955E-23 -1.799424779492744E-29 -3.0046191971360484E-37 -9.830503930236278E-46 -1.601039556342925E-54 -3.376683711009491E-63 -2.1150440053109764E-71 -1.7143987878705181E-78 -1.686192554245605E-83 -1.3012682207581408E-86
 -1.2466284590011416 -1.2466283037194911 -1.2466274904765615 -1.246625099033981 -1.2466197883010334 -1.246609783187904 -1.246592857059494 -1.246566309503214 -1.2465269390429432 -1.2464710103489067 -1.2463942154094072 -1.2462916280506475 -1.2461576511230716 -1.2459859556306858 -1.245769411084756 -1.245500006444031 -1.2451687612037933 -1.2447656265720585 -1.2442793772999432 -1.2436974957119224 -1.2430060509302651 -1.2421895783470717 -1.2412309672209542 -1.2401113680163085 -1.238810135884148 -1.2373048325551108 -1.2355713157909726 -1.233583953110051 -1.2313160041249036 -1.2287402224208376 -1.2258297318273103 -1.2225592309598551 -1.218906571273414 -1.214854734521518 -1.2103942026370377 -1.2055256648540868 -1.2002629437091973 -1.1946359470387173 -1.1886933751738277 -1.1825048437798426 -1.1761620394704255 -1.1697785250019028 -1.163487868373558 -1.1574398928906721 -1.1517950287431726 -1.1467169724596291 -1.142364097332839 -1.1388802648859464 -1.1363858084125093 -1.1349691659765606 -1.1215917254755505 -1.054469707696058 -0.8851037775247449 -0.5581018044054736 -0.174314053653242 -0.010640109567790696 1.1995692820241894E-5 6.07171608946601E-8 6.288979723116354E-12 2.2230160374635197E-17 -8.32310998698634E-23 -1.7994275280878912E-29 -3.004629774671749E-37 -9.830548999800405E-46 -1.60104799903489E-54 -3.376703169817564E-63 -2.1150569098994E-71 -1.7144107004474208E-78 -1.6862018238983853E-83 -1.301277475202617E-86
 -1.2466260675210765 -1.24662591224544 -1.246625099033981 -1.2466227076839491 -1.2466173971565124 -1.2466073924305014 -1.2465904669568526 -1.2465639204271443 -1.2465245514884604 -1.2464686249542058 -1.2463918329769765 -1.2462892495694577 -1.2461552777919271 -1.2459835888827277 -1.2457670526129915 -1.245497658227736 -1.245166425535559 -1.2447633060850817 -1.244277074995066 -1.2436952149836792 -1.2430037955911292 -1.2421873526486606 -1.241228775870874 -1.24010921618886 -1.2388080292228837 -1.2373027771648725 -1.2355693182166738 -1.2335820202993001 -1.2313141433713001 -1.228738441284776 -1.225828038031416 -1.2225576322565794 -1.218905075283413 -1.2148533485426016 -1.2103929334256624 -1.2055245183834271 -1.2002619249107766 -1.194635059537255 -1.1886926210278101 -1.1825042232421003 -1.1761615507843452 -1.1697781642482463 -1.16348762938098 -1.1574397672194882 -1.1517950057471211 -1.1467170394252543 -1.142364239691101 -1.1388804664867737 -1.136386051850908 -1.1349694329642938 -1.1215922076765427 -1.054471109261949 -0.8851067124204084 -0.5581057461822728 -0.1743164566881674 -0.010640397735003347 1.1994883089731244E-5 6.071862835258914E-8 6.289196477972635E-12 2.2232820608864956E-17 -8.322982067387391E-23 -1.7994356099717073E-29 -3.004660878128705E-37 -9.830681528965636E-46 -1.601072825262615E-54 -3.3767603897010405E-63 -2.115094856724586E-71 -1.7144457302995902E-78 -1.686229081860993E-83 -1.301304688621584E-86
 -1.2466207567048961 -1.2466206014426013 -1.2466197883010334 -1.2466173971565124 -1.2466120870854318 -1.2466020832190498 -1.2465851591993517 -1.2465586149492293 -1.2465192493893357 -1.24646332765106 -1.2463865422517814 -1.2462839676183017 -1.2461500072768525 -1.245978332986148 -1.2457618150943507 -1.2454924434821803 -1.2451612386539723 -1.2447581529147027 -1.2442719621994742 -1.2436901501007402 -1.2429987870867282 -1.242182409963879 -1.2412239094593333 -1.2401044375405321 -1.2388033508697535 -1.2372982126632483 -1.2355648821001037 -1.2335777279955657 -1.2313100110764714 -1.2287344857874091 -1.2258242764803035 -1.2225540818668023 -1.2189017529773478 -1.2148502705258006 -1.2103901147015267 -1.2055219722160732 -1.2002596622512273 -1.1946330884347287 -1.1886909460534922 -1.1825028449576091 -1.176160465289128 -1.1697773628394216 -1.1634870983546496 -1.1574394878346174 -1.151794954362735 -1.146717187809947 -1.1423645554929058 -1.138880913842815 -1.1363865921116491 -1.1349700255187982 -1.1215932781348882 -1.0544742212740638 -0.8851132293994713 -0.5581144991838302 -0.1743217929027748 -0.01064103765735735 1.1993084829095261E-5 6.072188706966301E-8 6.289677821555133E-12 2.2238728264184738E-17 -8.322697972384952E-23 -1.7994535538439955E-29 -3.004729944384368E-37 -9.830975820786186E-46 -1.6011279544405398E-54 -3.376887452968567E-63 -2.1151791222297814E-71 -1.714523518873132E-78 -1.686289610999845E-83 -1.3013651197927692E-86
 -1.2466107514349813 -1.2466105961978244 -1.246609783187904 -1.2466073924305014 -1.2466020832190498 -1.2465920809719615 -1.2465751596910585 -1.2465486197349957 -1.2465092605397232 -1.246453347835626 -1.2463765748272335 -1.2462740167213806 -1.2461400779220774 -1.245968431168212 -1.245751947894922 -1.2454826191803844 -1.2451514668395138 -1.2447484446020082 -1.24426232994077 -1.2436806080950835 -1.242989351281355 -1.2421730981429557 -1.2412147413144136 -1.2400954347153183 -1.238794536970846 -1.2372896132267743 -1.2355565245030566 -1.2335696412994368 -1.2313022257900518 -1.2287270335355982 -1.225817189566658 -1.2225473927197945 -1.2188954934741655 -1.2148444711934112 -1.2103848038025031 -1.2055171747367137 -1.200255398820728 -1.194629374216127 -1.1886877896582732 -1.1825002474443435 -1.1761584193108907 -1.1697758520029812 -1.1634860968461497 -1.1574389603515067 -1.151794856372167 -1.1467174661317671 -1.1423651491847808 -1.1388817553486294 -1.1363876086258233 -1.1349711405408893 -1.1215952934052864 -1.0544800823331628 -0.8851255047147462 -0.5581309871026037 -0.1743318450416664 -0.010642243168935105 1.1989696736821024E-5 6.072802592420338E-8 6.290584611124267E-12 2.2249857983627305E-17 -8.322162675454486E-23 -1.7994873449850175E-29 -3.0048600390172475E-37 -9.831530179026875E-46 -1.6012318033382382E-54 -3.377126809291852E-63 -2.115337858935541E-71 -1.714670056632774E-78 -1.686403632174424E-83 -1.3014789599656684E-86
 -1.24659382504139 -1.246593669846747 -1.246592857059494 -1.2465904669568526 -1.2465851591993517 -1.2465751596910585 -1.2465582430424655 -1.2465317103492208 -1.2464923619188335 -1.2464364644948107 -1.2463597124439056 -1.2462571822922905 -1.2461232799285886 -1.2459516797495273 -1.245735255028732 -1.2454659988697243 -1.2451349353040703 -1.2447320204712184 -1.2442460344450441 -1.2436644652502766 -1.2429733880600994 -1.2421573446249116 -1.241199230805293 -1.2400802038227478 -1.2387796256224605 -1.2372750646138428 -1.2355423849305431 -1.233555959921525 -1.2312890542089924 -1.2287144252415502 -1.2258051991978278 -1.2225360751258811 -1.2188849025726673 -1.2148346586183027 -1.2103758173580725 -1.2055090566859931 -1.2002481840574177 -1.1946230883887067 -1.1886824473340547 -1.1824958504157234 -1.1761549551531536 -1.169773292990339 -1.1634843993184498 -1.1574380645990371 -1.1517946870725401 -1.1467179333359718 -1.1423661498142516 -1.1388831751376613 -1.1363893244292373 -1.1349730229636436 -1.1215986985391881 -1.0544899924410737 -0.8851462646274129 -0.558158873876414 -0.17434884781158122 -0.010644282397141469 1.1983964125674115E-5 6.073841018958816E-8 6.292118569809914E-12 2.226868677947405E-17 -8.321256854828188E-23 -1.7995444692214224E-29 -3.0050800603474602E-37 -9.832467803770379E-46 -1.6014074559505425E-54 -3.377531669933451E-63 -2.115606357936524E-71 -1.7149179276615008E-78 -1.686596490929416E-83 -1.3016715231093073E-86
 -1.2465672770693341 -1.2465671219413538 -1.246566309503214 -1.2465639204271443 -1.2465586149492293 -1.2465486197349957 -1.2465317103492208 -1.2465051890430527 -1.246465857490529 -1.246409984023552 -1.2463332648310785 -1.2462307785078476 -1.2460969332701292 -1.245925406113945 -1.2457090731954014 -1.2454399307934995 -1.2451090064152292 -1.2447062599782208 -1.244220475634357 -1.2436391457755897 -1.2429483502110296 -1.2421326355625026 -1.2411749027487506 -1.2400563141683531 -1.2387562369719937 -1.237252244686244 -1.2355202063268688 -1.2335344997103507 -1.231268393297493 -1.228694647497339 -1.225786390288981 -1.2225183210525711 -1.2188682878740866 -1.2148192642539046 -1.2103617182833461 -1.2054963191689722 -1.2002368628122481 -1.1946132236343454 -1.1886740619155358 -1.1824889471482304 -1.176149514560533 -1.169769271605208 -1.1634817286889436 -1.157436651107864 -1.151794412621758 -1.1467186568928 -1.142367709758342 -1.138885392306678 -1.1363920057372716 -1.134975965524567 -1.1216040286624653 -1.0545055223423518 -0.8851788079652658 -0.5582025957447159 -0.1743755082037185 -0.010647480307874229 1.1974970830242499E-5 6.075469439565702E-8 6.29452423215565E-12 2.2298218848078494E-17 -8.319835542487691E-23 -1.7996339590530455E-29 -3.005424982879381E-37 -9.833937878299963E-46 -1.6016828710717743E-54 -3.378166491292358E-63 -2.1160273715727214E-71 -1.7153066118443912E-78 -1.6868988857475313E-83 -1.3019734810978147E-86
 -1.2465279059928116 -1.246527750963635 -1.2465269390429432 -1.2465245514884604 -1.2465192493893357 -1.2465092605397232 -1.2464923619188335 -1.2464658574905287 -1.246426550954242 -1.2463707129962233 -1.2462940425062998 -1.246191621145199 -1.2460578605792416 -1.245886441657105 -1.2456702448073262 -1.2454012710155974 -1.2450705529401957 -1.2446680560988145 -1.244182570687805 -1.2436015955723256 -1.2429112174329444 -1.242095990112111 -1.2411388220259951 -1.2400208832469168 -1.2387215486415512 -1.2372183993215983 -1.2354873115396824 -1.2335026697347568 -1.2312377480580503 -1.2286653113075063 -1.225758490131971 -1.2224919844050152 -1.218843640048326 -1.2147964252576715 -1.2103407992264156 -1.2054774182855025 -1.2002200612118878 -1.194598580942187 -1.1886616120046522 -1.182478694202421 -1.1761414297215264 -1.169763290452295 -1.1634777497659543 -1.157434535654284 -1.151793985587145 -1.1467197092277752 -1.1423700018936324 -1.1388886586677158 -1.1363959601080892 -1.1349803071603723 -1.1216119094905914 -1.054528523185389 -0.8852270314971172 -0.5582673983475835 -0.17441502944945516 -0.0106522217640544 1.1961628995592246E-5 6.077883773277921E-8 6.298091298174589E-12 2.2342016072006161E-17 -8.317726386272032E-23 -1.7997664360240038E-29 -3.005936133676412E-37 -9.836116831952325E-46 -1.6020911256891165E-54 -3.3791075446900844E-63 -2.1166514947276742E-71 -1.7158828442753385E-78 -1.6873471358789463E-83 -1.302421143659348E-86
 -1.246471976424048 -1.2464718215351151 -1.2464710103489067 -1.2464686249542058 -1.24646332765106 -1.246453347835626 -1.2464364644948107 -1.246409984023552 -1.2463707129962233 -1.2463149254409047 -1.2462383240811656 -1.2461359949297015 -1.2460023545499867 -1.245831089259336 -1.2456150855507268 -1.2453463510908071 -1.2450159258498554 -1.2446137832946146 -1.244128722201352 -1.2435482506237536 -1.2428584649963267 -1.2420439294111313 -1.2410875629269937 -1.2399705465093262 -1.2386722659780062 -1.2371703132123961 -1.2354405747386634 -1.2334574443974672 -1.231194204419 -1.2286236258330185 -1.2257188430801364 -1.2224545567367137 -1.2188086096549091 -1.2147639625033388 -1.2103110618475572 -1.20545054574421 -1.2001961686642315 -1.1945777530484942 -1.1886438968709067 -1.1824640977900977 -1.176129911086935 -1.1697547581673115 -1.1634720598255525 -1.157431491093386 -1.1517933379194886 -1.1467211616972161 -1.1423732144125848 -1.1388932542260394 -1.1364015323882852 -1.1349864292161304 -1.1216230559517732 -1.0545611355984916 -0.8852954571787125 -0.5583593781566263 -0.174471138424121 -0.010658955109893948 1.194266640917386E-5 6.081312202960614E-8 6.3031574152568355E-12 2.2404234748416353E-17 -8.314727448422851E-23 -1.7999541415597133E-29 -3.0066614929439577E-37 -9.839209757725544E-46 -1.602670691498939E-54 -3.380443567831723E-63 -2.117537602367862E-71 -1.7167010310728355E-78 -1.6879834858983725E-83 -1.3030567825944374E-86
 -1.2463951802848067 -1.2463950255882292 -1.2463942154094072 -1.2463918329769765 -1.2463865422517814 -1.2463765748272335 -1.2463597124439056 -1.2463332648310785 -1.2462940425062998 -1.2462383240811656 -1.2461618175374151 -1.2460596148567757 -1.2459261393194493 -1.2457550847433453 -1.2455393459392907 -1.2452709397373 -1.2449409161366826 -1.2445392595069821 -1.244054780392648 -1.243474999450395 -1.2427860264934125 -1.2419724396724782 -1.2410171726444718 -1.2399014213165617 -1.238604586533243 -1.2371042749443375 -1.2353763871692173 -1.2333953299464166 -1.2311343965902852 -1.2285663666817214 -1.2256643798662576 -1.2224031376887931 -1.2187604787962138 -1.2147193535379037 -1.2102701911639381 -1.2054136046701813 -1.2001633151927197 -1.1945491033461292 -1.188619516966081 -1.1824439959029278 -1.1761140310966342 -1.1697429746998098 -1.1634641753803407 -1.1574272355152752 -1.1517923703700487 -1.1467230751130532 -1.142377542278818 -1.138899479367998 -1.136409097418924 -1.1349947484432061 -1.121638267862345 -1.0546057970170046 -0.8853892600333911 -0.5584855272821072 -0.17454811623066321 -0.010668196292790678 1.1916610954742834E-5 6.086017232416772E-8 6.310111409714396E-12 2.2489669196616514E-17 -8.310604444272216E-23 -1.800210946215771E-29 -3.0076560072448706E-37 -9.843451955717933E-46 -1.6034657407614432E-54 -3.382276491326629E-63 -2.1187533397566173E-71 -1.717823720087287E-78 -1.6888564429762515E-83 -1.303928999261414E-86
 -1.246292591325771 -1.2462924368857637 -1.2462916280506475 -1.2462892495694577 -1.2462839676183017 -1.2462740167213806 -1.2462571822922905 -1.246230778507848 -1.246191621145199 -1.2461359949297015 -1.2460596148567757 -1.2459575808699674 -1.2458243252087146 -1.2456535516957096 -1.2454381662367053 -1.2451701978845588 -1.244840710016131 -1.2444397015441608 -1.2439559987107366 -1.2433771389840191 -1.24268925002348 -1.2418769287336137 -1.2409231282448316 -1.2398090643968082 -1.238514158077612 -1.2370160356423853 -1.2352906165131714 -1.2333123246376485 -1.2310544681209163 -1.22848983795684 -1.2255915807412711 -1.2223343993192998 -1.2186961267371638 -1.2146596995883445 -1.2102155240342942 -1.2053641796496841 -1.2001193431106556 -1.1945107392423466 -1.1885868489997937 -1.1824170351171248 -1.1760927026988472 -1.169727111503819 -1.1634535139681558 -1.1574214155275632 -1.1517909371320318 -1.1467254855793147 -1.1423831740684138 -1.1389076424939337 -1.1364190482285894 -1.1350057055080247 -1.1216584213346394 -1.0546652457888321 -0.885514295073059 -0.5586537803912884 -0.17465083158379454 -0.010680533532583853 1.1881771671041093E-5 6.092298002634732E-8 6.3193969915190114E-12 2.2603803020288017E-17 -8.305087301917452E-23 -1.8005523245092526E-29 -3.008981900180582E-37 -9.849110563504181E-46 -1.6045264762682522E-54 -3.384722230882977E-63 -2.1203756601528056E-71 -1.7193221239475903E-78 -1.6900211413053994E-83 -1.3050931335689064E-86
 -1.2461586123123815 -1.2461584582067932 -1.2461576511230718 -1.2461552777919271 -1.2461500072768525 -1.2461400779220774 -1.2461232799285886 -1.2460969332701292 -1.2460578605792416 -1.2460023545499867 -1.2459261393194493 -1.2458243252087146 -1.2456913561347815 -1.2455209489607461 -1.2453060240537916 -1.2450386263983732 -1.2447098368082274 -1.2443096731524421 -1.243826982134486 -1.2432493231359513 -1.242562847079072 -1.2417521753144318 -1.2408002863574292 -1.2396884220318451 -1.2383960293556461 -1.2369007603741581 -1.2351785590244297 -1.2332038716935471 -1.2309500257754186 -1.2283898271514883 -1.2254964314899572 -1.22224454334482 -1.2186119884771622 -1.2145816855654791 -1.2101440106906664 -1.205299499876897 -1.2000617718578987 -1.1944604787439638 -1.188544014311919 -1.1823816407679677 -1.1760646513144421 -1.1697061852498833 -1.16343936953784 -1.1574135832080438 -1.1517888242207858 -1.1467283841293243 -1.1423902726649906 -1.138918041547541 -1.1364317781534627 -1.135019747445231 -1.1216844542939472 -1.054742520222424 -0.8856771212326504 -0.5588730620862964 -0.174784776468494 -0.01069663254341067 1.1836215788364135E-5 6.100492863423938E-8 6.331516956483523E-12 2.2752868928786453E-17 -8.297865897280425E-23 -1.8009952791376217E-29 -3.010708960880841E-37 -9.856486221784247E-46 -1.6059094783143483E-54 -3.3879115321064845E-63 -2.1224914026167733E-71 -1.7212766914281E-78 -1.6915397261000134E-83 -1.3066117116307059E-86
 -1.24598691415376 -1.2459867604756438 -1.2459859556306858 -1.2459835888827277 -1.245978332986148 -1.245968431168212 -1.2459516797495273 -1.245925406113945 -1.245886441657105 -1.245831089259336 -1.2457550847433453 -1.2456535516957096 -1.2455209489607461 -1.2453510100711135 -1.2451366738800806 -1.2448700057377393 -1.2445421087478547 -1.2441430250122267 -1.24366162739132 -1.2430855032805065 -1.242400833341369 -1.2415922701774155 -1.2406428247583403 -1.2395337721295032 -1.2382445927184755 -1.2367529714200482 -1.2350348835207176 -1.2330648041062322 -1.23081608524419 -1.2282615518662285 -1.2253743712593347 -1.2221292501854654 -1.2185040051175377 -1.2144815318575781 -1.210052168056986 -1.2052163940879165 -1.1999877546287796 -1.1943958088421007 -1.1884888390569774 -1.182335978953145 -1.1760283786511953 -1.1696790234116174 -1.1634208797367635 -1.1574031649879967 -1.1517857198137011 -1.1467316883503528 -1.1423989479673573 -1.1389309375785197 -1.136447655006009 -1.1350373021683073 -1.121717344140969 -1.0548409503236575 -0.8858850197764967 -0.5591533326129023 -0.17495610335566944 -0.010717242305603558 1.1777740992820037E-5 6.110982191225165E-8 6.3470379091212604E-12 2.294391815176379E-17 -8.288584788774719E-23 -1.8015581943442435E-29 -3.0129147850733634E-37 -9.865914707417002E-46 -1.6076780591280967E-54 -3.3919908499900893E-63 -2.1251978996353942E-71 -1.723777721082993E-78 -1.6934817469581955E-83 -1.3085549277228225E-86
 -1.2457703662559118 -1.245770213115204 -1.245769411084756 -1.2457670526129915 -1.2457618150943507 -1.245751947894922 -1.245735255028732 -1.2457090731954012 -1.2456702448073262 -1.2456150855507268 -1.2455393459392907 -1.2454381662367053 -1.2453060240537916 -1.2451366738800806 -1.2449230778096778 -1.2446573267967364 -1.2443305519687508 -1.2439328258941622 -1.2434530543199597 -1.2428788598632813 -1.2421964605780566 -1.2413905483645133 -1.240444175001291 -1.239338657309538 -1.2380535177317173 -1.2365664824764026 -1.2348535662615671 -1.2328892802756712 -1.2306470076329094 -1.2280995972455912 -1.2252202310423228 -1.2219836185982182 -1.2183675647480591 -1.2143549365722376 -1.2099360234443543 -1.2051112358006323 -1.1998940252370111 -1.19431383406795 -1.1884188044981733 -1.1822779085896648 -1.1759821165215793 -1.1696442198125558 -1.1633969831225012 -1.1573894204303045 -1.151781174462057 -1.146735203863232 -1.142409219439942 -1.138946518139933 -1.1364669850733495 -1.1350587428072862 -1.121758075227631 -1.0549641394986122 -0.8861460040327984 -0.5595056291906905 -0.17517166301215383 -0.01074320137266841 1.1703842032502195E-5 6.12419143583738E-8 6.366595525809665E-12 2.3184900603094195E-17 -8.276836742046493E-23 -1.8022605933802105E-29 -3.0156849366573613E-37 -9.877768445537374E-46 -1.6099026120898276E-54 -3.3971232388855906E-63 -2.128603600453753E-71 -1.7269260083252714E-78 -1.69592454700837E-83 -1.3110011541058371E-86
 -1.245500957461639 -1.2455008049868683 -1.245500006444031 -1.2454976582277361 -1.2454924434821803 -1.2454826191803844 -1.2454659988697243 -1.2454399307934995 -1.2454012710155974 -1.2453463510908071 -1.2452709397373 -1.2451701978845588 -1.2450386263983732 -1.2448700057377393 -1.2446573267967364 -1.244392712258331 -1.2440673279779004 -1.2436712842797223 -1.2431935276664196 -1.2426217244059953 -1.2419421388948106 -1.241139511737728 -1.2401969452947945 -1.2390958081701968 -1.2378156748898252 -1.2363343228817045 -1.2346278157561563 -1.232670709474918 -1.2304364256662385 -1.2278978430066227 -1.2250281616216258 -1.221802094630141 -1.2181974325052622 -1.2141970067955711 -1.2097910471047228 -1.204979877251035 -1.1997768335143825 -1.1942112134214981 -1.1883309855174781 -1.182204921536369 -1.1759237685845334 -1.1696000779661155 -1.1633663640490394 -1.1573713885772605 -1.1517745487822192 -1.146738573205666 -1.142420966006288 -1.1389648479826963 -1.13648996438125 -1.1350843392947473 -1.1218075934339313 -1.055115932990116 -0.8864688166232592 -0.5599420995577141 -0.17543904162963733 -0.01077544467961657 1.16116706356612E-5 6.140594367271975E-8 6.390900370401756E-12 2.348475704858632E-17 -8.262154798544805E-23 -1.803122769375666E-29 -3.019112989375403E-37 -9.892457787001038E-46 -1.6126609391033367E-54 -3.403489220639885E-63 -2.1328286910249857E-71 -1.7308335134041803E-78 -1.698953629971302E-83 -1.3140374694687223E-86
 -1.245169707139346 -1.2451695554793771 -1.2451687612037933 -1.245166425535559 -1.2451612386539723 -1.2451514668395138 -1.2451349353040703 -1.2451090064152292 -1.2450705529401957 -1.2450159258498554 -1.2449409161366826 -1.244840710016131 -1.2447098368082274 -1.2445421087478547 -1.2443305519687508 -1.2440673279779004 -1.2437436451251266 -1.2433496599353717 -1.2428743687840344 -1.2423054913566335 -1.2416293487631626 -1.2408307412159642 -1.2398928329832914 -1.2387970560530827 -1.2375230487087738 -1.236048651086009 -1.2343499866634715 -1.2324016662401691 -1.230177158632179 -1.2276493790069371 -1.2247915498358252 -1.2215783886607483 -1.2179876684725932 -1.214002177433485 -1.2096120720964012 -1.204817570363924 -1.1996318674624335 -1.1940840837713155 -1.1882219753185077 -1.1821140686387006 -1.175850837750693 -1.1695445398358048 -1.1633273827491945 -1.1573478192925881 -1.1517649459635066 -1.1467412093813162 -1.1424338604850485 -1.138985804197743 -1.1365166143400617 -1.1351141942971363 -1.121866744769615 -1.055300369288422 -0.8868629095865914 -0.560476023498667 -0.1757665956035597 -0.010815010791424334 1.1497987565646785E-5 6.160716477746467E-8 6.420744261293469E-12 2.3853524583848184E-17 -8.244002603414051E-23 -1.8041652524490854E-29 -3.023300398171008E-37 -9.910431905983948E-46 -1.6160385344957336E-54 -3.4112875882328715E-63 -2.138005685076573E-71 -1.735624032785826E-78 -1.702662981864323E-83 -1.3177601930009913E-86
 -1.2447665663590872 -1.2447664156849047 -1.2447656265720585 -1.2447633060850817 -1.2447581529147027 -1.2447484446020082 -1.2447320204712184 -1.2447062599782208 -1.2446680560988145 -1.2446137832946146 -1.2445392595069821 -1.2444397015441608 -1.2443096731524421 -1.2441430250122267 -1.2439328258941622 -1.2436712842797223 -1.2433496599353717 -1.2429581652885854 -1.242485857062596 -1.2419205195826263 -1.2412485425904371 -1.2404547984365148 -1.239522526317269 -1.2384332349417503 -1.2371666397759724 -1.235700656878462 -1.2340114822275931 -1.2320737930480798 -1.229861115340457 -1.2273464085280387 -1.224502922236429 -1.2213053794868207 -1.2177315322517472 -1.2137641163323678 -1.2093932000201934 -1.204618873172115 -1.1994541604218684 -1.193927967838175 -1.1880877942821175 -1.1820018695039633 -1.1757603369111702 -1.1694750975335865 -1.1632779879970933 -1.1573170868581776 -1.1517511262427837 -1.146742211128358 -1.142447285542141 -1.1390089927172466 -1.1365466986399452 -1.1351481603340922 -1.121936194621166 -1.0555216102475 -0.8873384019675088 -0.5611218171689792 -0.17616348180230237 -0.010863049491022635 1.1359105503645251E-5 6.185138471421868E-8 6.4570071676982244E-12 2.4302456698667505E-17 -8.221762670929655E-23 -1.805408068599271E-29 -3.028356137970524E-37 -9.932179134215315E-46 -1.6201287976058132E-54 -3.420736089173821E-63 -2.144279952599599E-71 -1.74143384992778E-78 -1.707155317327286E-83 -1.3222754061418888E-86
 -1.2442803097230907 -1.2442801602295534 -1.2442793772999432 -1.244277074995066 -1.2442719621994742 -1.24426232994077 -1.2442460344450441 -1.244220475634357 -1.244182570687805 -1.244128722201352 -1.244054780392648 -1.2439559987107366 -1.2438269821344862 -1.24366162739132 -1.2434530543199597 -1.2431935276664196 -1.2428743687840344 -1.242485857062596 -1.242017121515277 -1.2414560239023575 -1.2407890361877931 -1.2400011171513884 -1.2390755957697103 -1.2379940726905558 -1.2367363558845798 -1.2352804524215608 -1.2336026452083996 -1.231677691142261 -1.229479184847494 -1.2269801389060093 -1.2241538356368852 -1.2209750048083145 -1.2174213734107977 -1.2134756147221021 -1.20912769149722 -1.2043775403758754 -1.1992379817662994 -1.193737665080274 -1.1879237811019836 -1.1818642039452444 -1.175648680743027 -1.1693886855314636 -1.1632156097579418 -1.1572770830775966 -1.1517314004581025 -1.1467402568986111 -1.1424602280491946 -1.1390336429858032 -1.1365796181508855 -1.1351857348101812 -1.1220163240858704 -1.0557838452048928 -0.8879060085930757 -0.5618950139403724 -0.17663968056163978 -0.01092082955089487 1.1190821348653732E-5 6.214499743899018E-8 6.500664580157039E-12 2.4844159041030731E-17 -8.194722233642987E-23 -1.8068697380107315E-29 -3.0343960338523816E-37 -9.958226502125538E-46 -1.6250331385628905E-54 -3.4320719165397964E-63 -2.151810141704019E-71 -1.7484123329466174E-78 -1.712542212218839E-83 -1.3276994375628118E-86
 -1.2436984193963744 -1.243698271303901 -1.2436974957119224 -1.2436952149836792 -1.2436901501007402 -1.2436806080950835 -1.2436644652502766 -1.2436391457755897 -1.2436015955723256 -1.2435482506237536 -1.243474999450395 -1.2433771389840191 -1.2432493231359513 -1.2430855032805065 -1.2428788598632813 -1.2426217244059953 -1.2423054913566335 -1.2419205195826263 -1.2414560239023575 -1.2408999579936497 -1.2402388914276403 -1.2394578855945435 -1.2385403760709863 -1.2374680726822946 -1.2362208932669638 -1.2347769530119847 -1.233112638120716 -1.2312028002023212 -1.229021115509003 -1.2265406599248158 -1.2237347548090176 -1.2205781381977214 -1.2170485077054773 -1.2131284626791787 -1.2088078408764235 -1.204086397311261 -1.1989767101622892 -1.1935071242898578 -1.1877244647759856 -1.181696183436565 -1.1755115567053482 -1.1692815512798657 -1.163137029509907 -1.157225087378443 -1.1517034999999258 -1.146733474714351 -1.1424711488890155 -1.1390584777436236 -1.1366142806998331 -1.1352259297921676 -1.1221070998717266 -1.0560911641273242 -0.888576932945959 -0.5628122142906438 -0.17720600790121512 -0.010989746455811009 1.0988336486664699E-5 6.249501712232725E-8 6.552795251631853E-12 2.549274162375141E-17 -8.162056301247111E-23 -1.808565952215939E-29 -3.0415416909283045E-37 -9.989138202423422E-46 -1.6308609324417513E-54 -3.445551915274405E-63 -2.160768436809833E-71 -1.7567224357151916E-78 -1.7189440739742222E-83 -1.3341592785206442E-86
 -1.2430069643319436 -1.2430068178880988 -1.2430060509302651 -1.2430037955911292 -1.2429987870867282 -1.242989351281355 -1.2429733880600994 -1.2429483502110296 -1.2429112174329444 -1.2428584649963267 -1.2427860264934125 -1.24268925002348 -1.242562847079072 -1.242400833341369 -1.2421964605780566 -1.2419421388948106 -1.2416293487631626 -1.2412485425904371 -1.2407890361877931 -1.2402388914276403 -1.2395847927825331 -1.2388119224464178 -1.2379038415125172 -1.2368423883777626 -1.235607610290595 -1.2341777498180384 -1.2325293149045946 -1.2306372688357825 -1.2284753841821398 -1.226016811619457 -1.223234918783235 -1.2201044538017276 -1.2166030800987164 -1.2127133103963121 -1.2084248357056781 -1.2037371975966206 -1.1986626893904062 -1.1932292976150475 -1.187483416882633 -1.1814920017249257 -1.1753437740927275 -1.1691491028300895 -1.1630382265802885 -1.1571576120189484 -1.1516644210515825 -1.1467192856078918 -1.1424778257573653 -1.1390815553488344 -1.136648943065976 -1.1352671138245262 -1.1222079146152517 -1.0564473948011543 -0.8893627163585461 -0.5638909959746673 -0.1778741125713397 -0.011071329739836246 1.0746163655437343E-5 6.290910801234809E-8 6.614589134986785E-12 2.6263987536764292E-17 -8.122807557010621E-23 -1.8105078617380692E-29 -3.049918915074752E-37 -1.0025512628001923E-45 -1.6377292658225E-54 -3.461452386617871E-63 -2.1713405801040445E-71 -1.7665410449280061E-78 -1.726489889021976E-83 -1.3417928849212309E-86
 -1.2421904797440403 -1.2421903352248986 -1.2421895783470717 -1.2421873526486606 -1.242182409963879 -1.2421730981429557 -1.2421573446249116 -1.2421326355625026 -1.242095990112111 -1.2420439294111313 -1.2419724396724782 -1.2418769287336137 -1.2417521753144316 -1.2415922701774155 -1.2413905483645133 -1.241139511737728 -1.2408307412159642 -1.2404547984365148 -1.2400011171513884 -1.2394578855945435 -1.2388119224464178 -1.2380485510199168 -1.2371514790544924 -1.236102695190071 -1.2348823979324854 -1.2334689787774122 -1.2318390880609324 -1.2299678197599055 -1.2278290592583014 -1.2253960449649177 -1.2226421990033247 -1.2195422817812351 -1.2160739173205297 -1.2122195177179497 -1.2079686031261713 -1.2033204663024914 -1.198287068245982 -1.1928959771901053 -1.1871930849858163 -1.1812447651020576 -1.1751390913138564 -1.1689857333039295 -1.162914200030465 -1.157070221646687 -1.1516102421076466 -1.1466942194057732 -1.1424771675330487 -1.139100083061771 -1.1366810235119513 -1.1353068240417045 -1.1223173953364407 -1.0568558995083026 -0.890275035320905 -0.5651497744037227 -0.1786564524862312 -0.011167249460415564 1.0458019286920111E-5 6.339560819462184E-8 6.687355242653491E-12 2.717553709757324E-17 -8.075862758261506E-23 -1.8126998994462E-29 -3.0596554976455614E-37 -1.006797756417434E-45 -1.6457624066893877E-54 -3.480068343823196E-63 -2.1837255636609004E-71 -1.7780590980216251E-78 -1.7353166722049355E-83 -1.3507493087529171E-86
 -1.2412318547065941 -1.2412317124178482 -1.2412309672209542 -1.241228775870874 -1.2412239094593333 -1.2412147413144136 -1.241199230805293 -1.2411749027487506 -1.2411388220259951 -1.2410875629269937 -1.2410171726444718 -1.2409231282448316 -1.2408002863574292 -1.2406428247583403 -1.240444175001291 -1.2401969452947945 -1.2398928329832912 -1.239522526317269 -1.2390755957697103 -1.2385403760709863 -1.2379038415125172 -1.2371514790544924 -1.2362671665225344 -1.2352330668515947 -1.234029554066072 -1.2326351925370326 -1.231026797962764 -1.2291796161912738 -1.2270676638304638 -1.2246642815180104 -1.2219429551430636 -1.218878460013777 -1.2154483751859763 -1.2116349968313662 -1.2074276477311438 -1.2028253328189824 -1.197839628311593 -1.1924976177728021 -1.18684461016644 -1.1809463049336133 -1.1748900235965957 -1.1687846240269792 -1.162758767539575 -1.1569573283179384 -1.1515359155689663 -1.1466537033848864 -1.1424650005158547 -1.1391102014119283 -1.1367068848450838 -1.1353415485002202 -1.1224331793027357 -1.0573193276676762 -0.8913254386922372 -0.5666076019209431 -0.17956624387812433 -0.011279321146432672 1.0116700744902898E-5 6.396354364326156E-8 6.7725290152298715E-12 2.824708460222661E-17 -8.019925403964113E-23 -1.815137061551402E-29 -3.070878219823146E-37 -1.0117183037045808E-45 -1.6550909136377393E-54 -3.5017120373911324E-63 -2.1981348762881835E-71 -1.7914813749123615E-78 -1.745568526694704E-83 -1.3611885844750016E-86
 -1.240112239494995 -1.2401120997726282 -1.2401113680163085 -1.24010921618886 -1.2401044375405321 -1.2400954347153183 -1.240080203822748 -1.2400563141683531 -1.2400208832469168 -1.2399705465093264 -1.2399014213165617 -1.2398090643968082 -1.2396884220318451 -1.2395337721295032 -1.239338657309538 -1.2390958081701968 -1.2387970560530827 -1.2384332349417503 -1.2379940726905558 -1.2374680726822946 -1.2368423883777626 -1.236102695190071 -1.2352330668515947 -1.234215867101065 -1.2330316722384597 -1.2316592459427224 -1.230075594657666 -1.228256139543084 -1.2261750488542608 -1.2238057816048246 -1.221121897884442 -1.2180981910381121 -1.2147121893044654 -1.2109460563739073 -1.2067888887526756 -1.2022393608656538 -1.197308606609042 -1.1920231519452164 -1.1864276347770701 -1.1805869780785134 -1.1745876362933937 -1.1685375310523962 -1.1625643455863403 -1.1568119658779003 -1.1514350369519035 -1.1465918270189554 -1.1424358294829395 -1.1391067423870737 -1.1367215905989935 -1.1353664812366688 -1.1225516590362432 -1.0578393228128013 -0.8925250172543062 -0.5682838936333636 -0.18061737512455497 -0.0114095083148738 9.713948826668695E-6 6.462262775707588E-8 6.871678596053271E-12 2.950058218334366E-17 -7.953484616199042E-23 -1.8178015704450847E-29 -3.0837089176135702E-37 -1.0173791239593194E-45 -1.6658502838824252E-54 -3.5267105281908413E-63 -2.2147911619785812E-71 -1.8070258397896566E-78 -1.7573952046937248E-83 -1.3732812750201917E-86
 -1.2388109890701974 -1.2388108522806662 -1.238810135884148 -1.2388080292228837 -1.2388033508697535 -1.238794536970846 -1.2387796256224605 -1.2387562369719937 -1.2387215486415512 -1.2386722659780062 -1.238604586533243 -1.238514158077612 -1.2383960293556461 -1.2382445927184755 -1.2380535177317173 -1.2378156748898252 -1.2375230487087738 -1.2371666397759724 -1.2367363558845798 -1.2362208932669638 -1.235607610290595 -1.2348823979324854 -1.234029554066072 -1.2330316722384597 -1.2318695603237728 -1.2305222102802391 -1.2289668471543513 -1.2271790931885335 -1.2251332907995371 -1.2228030352600107 -1.2201619725430052 -1.2171849177758347 -1.2138493423339866 -1.2101372596992474 -1.2060375088804953 -1.2015483874834123 -1.196680524483626 -1.1914598087264727 -1.1859301107516986 -1.1801554650094692 -1.1742213330795916 -1.1682345638607136 -1.1623217192288783 -1.156625551546206 -1.1512995991406045 -1.146501089878454 -1.1423825803183247 -1.1390829679559233 -1.1367186406746037 -1.1353752562934866 -1.1226677018112927 -1.0584161852828337 -0.8938839996231427 -0.5701980668461911 -0.18182427569151404 -0.011559921340799015 9.240297446813307E-6 6.538324006964488E-8 6.986509154881654E-12 3.0960441428425313E-17 -7.874780492797768E-23 -1.8206588550281512E-29 -3.098259440274444E-37 -1.0238462882468255E-45 -1.67817902240398E-54 -3.555402043141638E-63 -2.233926116246004E-71 -1.8249223774063507E-78 -1.770950040156304E-83 -1.387207557015124E-86
 -1.2373056649760276 -1.2373055315157577 -1.2373048325551108 -1.2373027771648725 -1.237298212663248 -1.2372896132267743 -1.2372750646138428 -1.237252244686244 -1.2372183993215983 -1.2371703132123961 -1.2371042749443375 -1.2370160356423853 -1.2369007603741584 -1.2367529714200482 -1.2365664824764026 -1.2363343228817045 -1.236048651086009 -1.235700656878462 -1.2352804524215608 -1.234776953011985 -1.2341777498180384 -1.2334689787774122 -1.2326351925370326 -1.2316592459427224 -1.2305222102802391 -1.2292033373043043 -1.2276801010135764 -1.2259283528668045 -1.223922634095414 -1.2216366959166444 -1.2190442832031482 -1.21612023732332 -1.212841966671059 -1.2091913157580402 -1.2051568327010244 -1.20073638849985 -1.1959400396895316 -1.1907929520223483 -1.1853381243365557 -1.1796385809334195 -1.1737786537768954 -1.1678639704117441 -1.1620198151227281 -1.156387647844027 -1.1511197443576715 -1.1463721449512997 -1.1422963361384903 -1.1390303005749944 -1.136689697897848 -1.1353596720607752 -1.1227743539815953 -1.0590484963995854 -0.8954112713642784 -0.5723690812126179 -0.18320172906818954 -0.011732811077525008 8.684914805525277E-6 6.625637597942657E-8 7.11886407098296E-12 3.2653717982831025E-17 -7.781766676840162E-23 -1.823652809811063E-29 -3.1146253386054714E-37 -1.0311839260348969E-45 -1.6922159982758832E-54 -3.5881308031083583E-63 -2.2557774138509935E-71 -1.8454107316705526E-78 -1.7863871064738324E-83 -1.4031556957332227E-86
 -1.235572124796014 -1.2355719950899897 -1.2355713157909726 -1.2355693182166738 -1.2355648821001037 -1.2355565245030566 -1.2355423849305431 -1.2355202063268688 -1.2354873115396824 -1.2354405747386634 -1.2353763871692173 -1.2352906165131716 -1.2351785590244297 -1.2350348835207176 -1.2348535662615671 -1.2346278157561563 -1.2343499866634715 -1.2340114822275931 -1.2336026452083996 -1.233112638120716 -1.2325293149045946 -1.2318390880609324 -1.231026797962764 -1.230075594657666 -1.2289668471543513 -1.2276801010135764 -1.2261931119906817 -1.2244819912404036 -1.2225215056100215 -1.220285583788728 -1.2177480839726895 -1.2148838790569267 -1.2116703084174211 -1.2080890279967861 -1.2041282596891333 -1.199785394896902 -1.195069845572044 -1.1900059622492 -1.1846357600020116 -1.1790211220829553 -1.1732451033811652 -1.1674119495434664 -1.1616454982064561 -1.1560857447572645 -1.1508835332558162 -1.1461935563505674 -1.1421660855103645 -1.1389380639826702 -1.1366243235885493 -1.1353094239105308 -1.1228625470176634 -1.059732715931188 -0.8971138185827059 -0.5748148678100949 -0.18476461706901131 -0.011930555151753145 8.035443856333476E-6 6.725355715696685E-8 7.270721359854353E-12 3.4610256924073033E-17 -7.672071619221342E-23 -1.8267003405907804E-29 -3.1328781427974877E-37 -1.0394519306397038E-45 -1.708096941371607E-54 -3.62523997087336E-63 -2.280584428956331E-71 -1.86873741398776E-78 -1.803857437326591E-83 -1.4213197279265425E-86
