 -1.2289163144897028 -1.2289161725813082 -1.2289154293774091 -1.228913243897797 -1.2289083905753503 -1.2288992472857727 -1.2288837794091025 -1.2288595196947598 -1.228823543638691 -1.228772440018708 -1.2287022761726591 -1.2286085575482892 -1.2284861810107663 -1.2283293813763367 -1.2281316706657454 -1.227885769664963 -1.2275835315789724 -1.2272158579155885 -1.226772607304714 -1.2262424988249063 -1.225613012674378 -1.2248702928031558 -1.2239990585446551 -1.2229825354729897 -1.2218024197654155 -1.2204388953052414 -1.2188707285393471 -1.2170754724404777 -1.2150298172736297 -1.2127101313128021 -1.210093237823143 -1.2071574736398027 -1.20388406721341 -1.2002588574825425 -1.196274346979491 -1.1919320416226502 -1.1872449758910115 -1.1822402584605058 -1.1769614064710001 -1.1714701768858832 -1.1658475646915844 -1.1601936350849342 -1.1546259035032853 -1.149276080546311 -1.1442851558519513 -1.1397969910607805 -1.135950800705066 -1.1328730857022013 -1.1306696966867413 -1.129418451594909 -1.1176055088868988 -1.0583301605413586 -0.9077582853114418 -0.6078570715822609 -0.22258192345762697 -0.020477150681644858 -4.1084388556614395E-5 2.8184086496327625E-7 4.216015425907421E-11 2.523265007305731E-17 -5.363830446826042E-21 -3.371880518683207E-27 -2.117924387038395E-34 -2.8496070706445008E-42 -1.8398321495988952E-50 -1.3146813224475368E-58 -2.276467485254849E-66 -1.0307156817520455E-72 -1.2401629079139403E-77 -2.2271809950243115E-80
 -1.2289161725813082 -1.2289160306732418 -1.228915287471081 -1.2289131019965726 -1.2289082486854552 -1.2288991054172178 -1.2288836375766394 -1.2288593779188907 -1.228823401946701 -1.2287722984457774 -1.2287021347630302 -1.2286084163564772 -1.22848604010286 -1.2283292408313366 -1.2281315305769813 -1.2278856301415517 -1.2275833927472974 -1.2272157199208126 -1.2267724703122686 -1.2262423630219354 -1.2256128782710751 -1.2248701600339317 -1.223998927669092 -1.2229824067764127 -1.2218022935590766 -1.2204387719259046 -1.2188706083481306 -1.2170753558208466 -1.215029704628331 -1.2127100230595586 -1.210093134388967 -1.2071573754538176 -1.2038839746980112 -1.2002587710429977 -1.1962742669919785 -1.1919319684209792 -1.1872449097524018 -1.1822401995908868 -1.1769613549905535 -1.1714701328155474 -1.1658475279413866 -1.1601936054450081 -1.1546258806383074 -1.149276063993921 -1.144285145025554 -1.1397969852567302 -1.1359507991140724 -1.1328730874244865 -1.1306697007503865 -1.1294184569770004 -1.1176055263376407 -1.0583302300504284 -0.9077584450748231 -0.6078573042953496 -0.22258209006551715 -0.020477179893816626 -4.1084650742720765E-5 2.8184123734595523E-7 4.216024297310072E-11 2.523460278528101E-17 -5.363830453251635E-21 -3.371882823861511E-27 -2.117926411779588E-34 -2.849610266167245E-42 -1.839834430825041E-50 -1.3146830723888357E-58 -2.276470706118321E-66 -1.0307170904865601E-72 -1.240165101429416E-77 -2.227184473881518E-80
 -1.2289154293774091 -1.228915287471081 -1.2289145442780027 -1.228912358830213 -1.228907505578428 -1.2288983624219524 -1.2288828947704102 -1.2288586354090427 -1.228822659876142 -1.2287715569987611 -1.2287013941712396 -1.2286076769054306 -1.228485302138668 -1.2283285047677572 -1.2281307969028016 -1.227884899428211 -1.2275826656566883 -1.2272149972131904 -1.2267717528540327 -1.2262416517931875 -1.2256121743726196 -1.2248694646934368 -1.223998242245986 -1.222981732765046 -1.2218016325895422 -1.220438125761835 -1.2188699788807886 -1.2170747450585133 -1.2150291146802392 -1.2127094561133966 -1.2100925926811085 -1.2071568612316105 -1.203883490173644 -1.2002583183389263 -1.196273848078297 -1.1919315850459257 -1.187244563367799 -1.182239891275263 -1.176961085373305 -1.1714699020063228 -1.1658473354689937 -1.1601934502103532 -1.1546257608852164 -1.1492759773009633 -1.1442850883206174 -1.1397969548547004 -1.135950790776562 -1.132873096439215 -1.130669722027211 -1.1294184851587685 -1.1176056177250541 -1.058330594076567 -0.9077592817793078 -0.6078585230523239 -0.22258296262055038 -0.020477332883497692 -4.1086023867379426E-5 2.8184318758356843E-7 4.2160707586205265E-11 2.5244829564523035E-17 -5.3638304866911904E-21 -3.371894896448193E-27 -2.117937015705247E-34 -2.8496270017004757E-42 -1.839846378028072E-50 -1.3146922371584214E-58 -2.276487574387566E-66 -1.0307244682927551E-72 -1.2401765892968988E-77 -2.227202693321396E-80
 -1.228913243897797 -1.2289131019965728 -1.228912358830213 -1.2289101734609928 -1.2289053203836777 -1.2288961775558482 -1.2288807104601662 -1.2288564519703095 -1.2288204777291678 -1.2287693766853415 -1.228699216372652 -1.2286055024612672 -1.2284831320666615 -1.2283263402845863 -1.2281286394457637 -1.227882750677647 -1.2275805275589473 -1.2272128720038082 -1.22676964308072 -1.2262395603379665 -1.2256101044724643 -1.22486741995836 -1.2239962266734576 -1.2229797507492616 -1.2217996889238471 -1.2204362256323233 -1.2188681278487816 -1.2170729490294724 -1.2150273798564807 -1.2127077889279085 -1.2100909997100686 -1.2071553490834483 -1.2038820653534574 -1.2002569870878896 -1.1962726161896037 -1.1919304576603635 -1.1872435447545597 -1.1822389846057994 -1.1769602924984492 -1.1714692232485046 -1.165846769442689 -1.160192993683623 -1.1546254086939631 -1.1492757223248613 -1.1442849215259622 -1.1397968654052395 -1.1359507662090593 -1.1328731228969655 -1.1306697845423541 -1.1294185679782917 -1.117605886404438 -1.0583316644668767 -0.9077617421140953 -0.6078621068544252 -0.22258552842125475 -0.020477782762408972 -4.109006171634495E-5 2.818489224095608E-7 4.2162073828841915E-11 2.527490279827972E-17 -5.363830582956104E-21 -3.371930396224127E-27 -2.117968197162549E-34 -2.8496762136868436E-42 -1.8398815096703308E-50 -1.3147191868816094E-58 -2.2765371769075127E-66 -1.0307461633129776E-72 -1.240210370437367E-77 -2.2272562691542634E-80
 -1.2289083905753503 -1.2289082486854552 -1.228907505578428 -1.2289053203836777 -1.228900467693786 -1.2288913255957425 -1.228875859734399 -1.2288516031798044 -1.228815631807097 -1.2287645348348363 -1.2286943801065253 -1.2286006736439021 -1.2284783129580167 -1.2283215335864001 -1.2281238483496605 -1.227877978914959 -1.227575779451699 -1.2272081525162041 -1.2267649578701234 -1.2262349158041645 -1.225605507803405 -1.2248628791703821 -1.2239917506432687 -1.2229753492345356 -1.2217953725686117 -1.2204320059527302 -1.2188640171942148 -1.2170689605135358 -1.21502352725194 -1.2127040865198024 -1.210087462101381 -1.2071519909488406 -1.2038789011380757 -1.200254030650908 -1.196269880395374 -1.19192795392456 -1.1872412825573992 -1.182236970989924 -1.1769585315738875 -1.171467715731376 -1.165845512256436 -1.1601919796515434 -1.154624626348814 -1.1492751558553608 -1.144284550871981 -1.13979666650389 -1.135950711384554 -1.1328731813791197 -1.1306699230935912 -1.129418751617448 -1.1176064827643772 -1.058334041112496 -0.9077672053069683 -0.6078700649265232 -0.2225912260536582 -0.020478781785032363 -4.1099028684729383E-5 2.8186165738345233E-7 4.2165107820977256E-11 2.5341687724252084E-17 -5.363830785695733E-21 -3.3720092251395904E-27 -2.118037438756173E-34 -2.8497854948734054E-42 -1.839959524118765E-50 -1.314779032481164E-58 -2.2766473264644565E-66 -1.0307943401311394E-72 -1.240285387031947E-77 -2.2273752424829723E-80
 -1.2288992472857727 -1.2288991054172178 -1.2288983624219524 -1.2288961775558482 -1.2288913255957425 -1.228882184872403 -1.2288667213361696 -1.2288424684270315 -1.2288065024575933 -1.2287554131549354 -1.2286852689459186 -1.2285915765145001 -1.2284692341169312 -1.2283124781228782 -1.22811482227577 -1.2278689892593976 -1.2275668343558692 -1.2271992613311668 -1.2267561312526842 -1.2262261658095812 -1.2255968479716548 -1.224854324601837 -1.223983318059028 -1.2229670570151682 -1.2217872407643417 -1.2204240562566037 -1.2188562728688783 -1.2170614462612054 -1.2150162690165637 -1.2126971112103195 -1.2100807972257043 -1.2071456641499347 -1.2038729396266314 -1.2002484605338592 -1.1962647259057852 -1.1919232365666387 -1.1872370201895754 -1.1822331768789502 -1.176955213462372 -1.1714648749687508 -1.1658431430477855 -1.1601900684784076 -1.154623151610481 -1.14927408776808 -1.1442838516482403 -1.1397962908159591 -1.1359506070988736 -1.1328732905330087 -1.1306701830763663 -1.1294190965339154 -1.1176076051382248 -1.0583385170943147 -0.9077774956584997 -0.6078850553693356 -0.22260195893289436 -0.020480663758113314 -4.1115922015939314E-5 2.818856475032729E-7 4.2170823479984014E-11 2.5467508852758913E-17 -5.36383112630125E-21 -3.372157710749269E-27 -2.118167871659189E-34 -2.8499913554496913E-42 -1.8401064867666036E-50 -1.314891769560242E-58 -2.2768548271325254E-66 -1.030885095630291E-72 -1.2404267065313108E-77 -2.2275993671579695E-80
 -1.2288837794091025 -1.2288836375766394 -1.2288828947704102 -1.2288807104601662 -1.228875859734399 -1.2288667213361696 -1.2288512617325497 -1.2288270149892097 -1.2287910581586634 -1.2287399818280841 -1.2286698554110151 -1.2285761867114746 -1.2284538752460978 -1.2282971587920041 -1.228099552653459 -1.227853781233753 -1.2275517016969665 -1.2271842198550755 -1.2267411989839618 -1.2262113631381217 -1.225582197798514 -1.2248398524673727 -1.2239690522447861 -1.222953028609564 -1.2217734836798035 -1.2204106071842524 -1.2188431711546812 -1.2170487336860535 -1.2150039894616835 -1.2126853101892118 -1.2100695212650838 -1.2071349600050984 -1.20386285332191 -1.2002390362268584 -1.196256004584896 -1.1919152546048357 -1.1872298077935912 -1.1822267564893478 -1.1769495981763011 -1.1714600670700354 -1.1658391327363044 -1.160186832890362 -1.1546206542115651 -1.1492722781829634 -1.1442826659636675 -1.139795652364776 -1.1359504277021372 -1.132873472152005 -1.1306706198103835 -1.1294196769265631 -1.1176095005410096 -1.0583460849241748 -0.907794898429925 -0.6079104091633116 -0.22262011289830394 -0.02048384720249833 -4.114450151838306E-5 2.819262272868144E-7 4.218049232038729E-11 2.568037301824006E-17 -5.363831579570621E-21 -3.372408841084892E-27 -2.118388488880268E-34 -2.850339563599611E-42 -1.840355074675243E-50 -1.3150824668126962E-58 -2.2772058221928123E-66 -1.0310386107300291E-72 -1.2406657614374545E-77 -2.2279784874296644E-80
 -1.2288595196947595 -1.2288593779188907 -1.2288586354090427 -1.2288564519703095 -1.2288516031798044 -1.2288424684270315 -1.2288270149892097 -1.228802777912973 -1.2287668354109515 -1.2287157794188032 -1.2286456808970394 -1.2285520494058106 -1.2284297864378366 -1.2282731319769526 -1.2280756037745881 -1.2278299289299927 -1.2275279675579287 -1.2271606286782317 -1.2267177790294101 -1.2261881463745076 -1.2255592201317202 -1.2248171539413552 -1.223946677201444 -1.2229310257916503 -1.22175190625789 -1.2203895126856705 -1.2188226212693957 -1.2170287939219062 -1.214984728619811 -1.2126667996302706 -1.210051833938661 -1.2071181692195354 -1.2038470312399216 -1.2002242520847647 -1.1962423226504523 -1.191902731909822 -1.1872184917021191 -1.1822166821892805 -1.1769407862061933 -1.1714525210142512 -1.1658328372326127 -1.1601817520935784 -1.1546167308418713 -1.1492694332583044 -1.1442807992748398 -1.1397946437045114 -1.1359501388126334 -1.132873749315143 -1.1306712969801948 -1.1294205793455924 -1.1176124648331451 -1.0583579434471845 -0.907822178624526 -0.6079501591544917 -0.2226485777404031 -0.02048883927282441 -4.118932727795813E-5 2.819898603134137E-7 4.219565573141823E-11 2.6014253523308752E-17 -5.363831979372025E-21 -3.372802546278384E-27 -2.1187344058095452E-34 -2.850885564207581E-42 -1.8407448783719656E-50 -1.315381498941681E-58 -2.2777562249889551E-66 -1.0312793380105751E-72 -1.241040648099149E-77 -2.228573006843857E-80
 -1.228823543638691 -1.228823401946701 -1.228822659876142 -1.2288204777291678 -1.228815631807097 -1.2288065024575933 -1.2287910581586634 -1.2287668354109513 -1.2287309141465656 -1.228679888299896 -1.228609831124374 -1.2285162547830517 -1.228394063697613 -1.228237501122675 -1.2280400884368671 -1.2277945567353776 -1.2274927705064764 -1.2271256435247155 -1.2266830476609513 -1.2261537161750934 -1.225525144321188 -1.2247834918731224 -1.2239134945994964 -1.2228983949031262 -1.2217199058931138 -1.2203582281129083 -1.2187921439271947 -1.216999220908178 -1.2149561619144162 -1.2126393450074592 -1.2100255995286175 -1.207093263685047 -1.203823561546579 -1.2002023208616117 -1.1962220251629416 -1.1918841526989318 -1.1872017009799087 -1.1822017321203595 -1.1769277072417021 -1.1714413184751033 -1.1658234883557625 -1.1601742037542386 -1.1546108981423404 -1.1492651991308164 -1.144278015185303 -1.1397931314741154 -1.1359496935043924 -1.1328741430734421 -1.1306722836742377 -1.129421899930228 -1.1176168417796024 -1.0583755048218301 -0.9078626020372718 -0.6080090735111171 -0.22269077248412405 -0.020496240440041436 -4.125580603673982E-5 2.820841981846714E-7 4.221813983998289E-11 2.6509441178335444E-17 -5.363831873250807E-21 -3.37338602048691E-27 -2.119247165637018E-34 -2.851694973775338E-42 -1.8413227601303152E-50 -1.315824823917996E-58 -2.2785722329416946E-66 -1.0316362251171928E-72 -1.2415964859999292E-77 -2.2294544494922543E-80
 -1.228772440018708 -1.2287722984457774 -1.2287715569987611 -1.2287693766853415 -1.2287645348348366 -1.2287554131549354 -1.2287399818280841 -1.2287157794188032 -1.228679888299896 -1.2286289052428123 -1.2285589067556716 -1.2284654086961648 -1.2283433196434783 -1.2281868874949264 -1.2279896387777036 -1.2277443102590668 -1.2274427726352616 -1.2270759464299414 -1.2266337107991267 -1.2261048068053548 -1.2254767379865301 -1.2247356728230625 -1.2238663561265532 -1.2228520395595336 -1.221674445547754 -1.220313783802063 -1.2187488454463955 -1.2169572060871907 -1.2149155755139044 -1.212600337175483 -1.2099883237589452 -1.2070578742292048 -1.203790210248904 -1.2001711534127263 -1.1961931768030003 -1.1918577434467205 -1.1871778305160625 -1.182180474508488 -1.1769091057238243 -1.1714253806207033 -1.1658101818679877 -1.160163453235451 -1.154602583089847 -1.1492591533720335 -1.1442740278759091 -1.1397909496832332 -1.1359490263119507 -1.1328746670206775 -1.1306736493558415 -1.1294237396053121 -1.117623020315704 -1.0584004008136993 -0.9079199577400548 -0.608092692954446 -0.22275067417578894 -0.020506749938868498 -4.135024707059262E-5 2.822181487938826E-7 4.22500730858242E-11 2.7212969494476565E-17 -5.3638302885872844E-21 -3.374214075385289E-27 -2.1199750862098117E-34 -2.852844148541824E-42 -1.8421432675150812E-50 -1.3164543040961425E-58 -2.2797309245281787E-66 -1.0321429735947048E-72 -1.242385839134019E-77 -2.230706114542502E-80
 -1.2287022761726591 -1.2287021347630302 -1.2287013941712396 -1.228699216372652 -1.2286943801065253 -1.2286852689459186 -1.2286698554110151 -1.2286456808970394 -1.228609831124374 -1.2285589067556716 -1.2284889887630094 -1.2283955980715453 -1.2282736489627055 -1.228117395701566 -1.2279203718769777 -1.2276753220357887 -1.2273741253890007 -1.2270077117172004 -1.226565970168681 -1.2260376525080536 -1.2254102736354308 -1.224670013973306 -1.2238016307370318 -1.222788388290285 -1.2216120218383494 -1.2202527536671445 -1.2186893869162105 -1.2168995082135003 -1.214859836857075 -1.212546763687809 -1.2099371259846838 -1.207009263755302 -1.203744395364173 -1.2001283339692567 -1.1961535383225965 -1.191821450576759 -1.1871450200106741 -1.1821512479868712 -1.1768835225303002 -1.1714034511692934 -1.1657918618881164 -1.1601486393333406 -1.1545911099971764 -1.1492507931692217 -1.1442684913595857 -1.139787889911146 -1.1359480442227987 -1.1328753189108962 -1.1306754559231202 -1.1294261963904441 -1.117631429144915 -1.0584344874212376 -0.9079985809143563 -0.6082073708314072 -0.22283284981823361 -0.020521171976796995 -4.147992857500825E-5 2.824019536854766E-7 4.22939066526326E-11 2.817912290199873E-17 -5.36382537529723E-21 -3.3753495135853743E-27 -2.120973643519842E-34 -2.854420821298269E-42 -1.8432691001605787E-50 -1.317318070207677E-58 -2.281320938306887E-66 -1.0328383324102716E-72 -1.2434692010534616E-77 -2.2324238245039156E-80
 -1.2286085575482892 -1.2286084163564772 -1.2286076769054306 -1.2286055024612672 -1.2286006736439021 -1.2285915765145001 -1.2285761867114746 -1.2285520494058108 -1.2285162547830517 -1.2284654086961648 -1.2283955980715453 -1.2283023505935961 -1.2281805881497978 -1.2280245734989552 -1.2278278496492196 -1.227583171524483 -1.2272824296933873 -1.226916566284267 -1.2264754837740814 -1.225947948203068 -1.225321489627667 -1.2245823044004087 -1.2237151662828096 -1.2227033565817588 -1.221528627550708 -1.2201712182515813 -1.218609947854184 -1.216822417691397 -1.2147853597488225 -1.2124751747321897 -1.2098687060511221 -1.2069442951100686 -1.2036831558805882 -1.2000710902734421 -1.1961005379318228 -1.191772913169446 -1.1871011280625873 -1.1821121371095162 -1.1768492719441432 -1.1713740748228516 -1.165767300778408 -1.1601287555810995 -1.1545756831727955 -1.149239519253026 -1.1442609845630626 -1.1397836874038966 -1.1359466136287188 -1.1328760682830203 -1.1306777458100962 -1.1294293537697617 -1.1176425275779215 -1.0584798465939886 -0.9081033746313446 -0.6083603148004667 -0.22294249096269977 -0.020540422692275447 -4.165317575858637E-5 2.8264727412465944E-7 4.235243791207176E-11 2.947003864295778E-17 -5.363813880933623E-21 -3.376863506669083E-27 -2.1223058851990313E-34 -2.8565248003293747E-42 -1.8447716265882416E-50 -1.318470926509726E-58 -2.283443231934407E-66 -1.0337664248363383E-72 -1.2449155449760954E-77 -2.234716766837373E-80
 -1.2284861810107663 -1.22848604010286 -1.2284853021386681 -1.2284831320666615 -1.2284783129580167 -1.2284692341169312 -1.2284538752460978 -1.2284297864378366 -1.228394063697613 -1.2283433196434783 -1.2282736489627055 -1.2281805881497978 -1.2280590690060364 -1.2279033653610691 -1.2277070325004177 -1.2274628388736634 -1.2271626898534306 -1.226797543662658 -1.226357320151699 -1.2258308039686627 -1.225205544926157 -1.2244677601417575 -1.2236022449455803 -1.222592302731289 -1.2214197079766513 -1.2200647216140052 -1.2185061837125577 -1.2167217147781723 -1.214688063341087 -1.2123816429735734 -1.2097793050856435 -1.2068593929127933 -1.2036031147115617 -1.1999962577436957 -1.1960312367555514 -1.1917094297835306 -1.1870437004189384 -1.1820609420780712 -1.1768044128904917 -1.1713355700265415 -1.16573507341639 -1.1601026259979543 -1.154555364084763 -1.1492246143864643 -1.1442509910235107 -1.1397780018346821 -1.135944541981741 -1.1328768388232877 -1.1306805248495264 -1.129433263836947 -1.1176567912750561 -1.0585387835013722 -0.908239828803475 -0.6085596285336363 -0.22308545028992415 -0.020565537836091045 -4.187945204318488E-5 2.829672852676916E-7 4.2428837044781965E-11 3.115641491223683E-17 -5.363790403166993E-21 -3.378835957916731E-27 -2.1240428650355857E-34 -2.8592687211359163E-42 -1.846731446255296E-50 -1.3199747943068004E-58 -2.2862119174441851E-66 -1.034977106524307E-72 -1.246802939893921E-77 -2.2377084271568772E-80
 -1.2283293813763367 -1.2283292408313366 -1.2283285047677572 -1.2283263402845863 -1.2283215335864001 -1.2283124781228782 -1.2282971587920041 -1.2282731319769526 -1.228237501122675 -1.2281868874949264 -1.228117395701566 -1.2280245734989552 -1.2279033653610691 -1.2277480592694294 -1.2275522262037057 -1.2273086519035445 -1.2270092606658167 -1.2266450312877561 -1.2262059058289618 -1.2256806927252923 -1.2250569670454904 -1.2243209724535848 -1.2234575318541793 -1.22244997687885 -1.2212801104203101 -1.219928221374864 -1.218373176536051 -1.2165926209289823 -1.214563324245104 -1.2122617165180986 -1.209664659400607 -1.2067504984858685 -1.2035004347427802 -1.1999002367250344 -1.195942287369891 -1.1916279183542326 -1.1869699313003958 -1.181995141546585 -1.17674671325645 -1.1712859948195097 -1.1656935245695643 -1.160068873955168 -1.1545290416579863 -1.1492052150049854 -1.144237871754407 -1.1397703912510923 -1.1359415526530862 -1.1328774839440882 -1.1306837383620518 -1.129437923672366 -1.1176746912789046 -1.0586138174638288 -0.9084140340858479 -0.6088143513856965 -0.2232682792869708 -0.020597681130120545 -4.2169464970817323E-5 2.833767775029984E-7 4.252667699964612E-11 3.331833984370744E-17 -5.363746351784519E-21 -3.381355824084174E-27 -2.126264086475666E-34 -2.862778837906562E-42 -1.8492389898262101E-50 -1.3218991895863995E-58 -2.289755166660892E-66 -1.0365263514221681E-72 -1.2492192328083126E-77 -2.241537610211745E-80
 -1.2281316706657454 -1.2281315305769813 -1.2281307969028016 -1.2281286394457637 -1.2281238483496605 -1.22811482227577 -1.228099552653459 -1.228075603774588 -1.2280400884368671 -1.2279896387777036 -1.2279203718769777 -1.2278278496492196 -1.2277070325004177 -1.2275522262037057 -1.2273570214695 -1.2271142257747558 -1.2268157872083711 -1.2264527104344558 -1.2260149654354492 -1.2254913905551754 -1.2248695926172605 -1.2241358486638977 -1.2232750162716687 -1.2222704625797802 -1.2211040262131114 -1.2197560312354347 -1.2182053780518478 -1.2164297425295622 -1.2144059209833804 -1.2121103641646533 -1.2095199466281607 -1.2066130169585105 -1.2033707669910411 -1.1997789417880135 -1.1958298843225974 -1.1915248680105421 -1.186876616581734 -1.1819118472194212 -1.1766736059449838 -1.1712231043643612 -1.1656407278979763 -1.1600258826243448 -1.154495394114042 -1.1491802743652153 -1.1442208295920677 -1.139760277480632 -1.135937251233095 -1.1328777537912706 -1.1306872386655146 -1.1294432431357683 -1.1176966644282573 -1.0587076642712025 -0.9086326879861992 -0.6091344934347511 -0.22349826584036627 -0.02063815322954183 -4.253528860513708E-5 2.838922635957033E-7 4.264996693470319E-11 3.604625796358371E-17 -5.363668537417638E-21 -3.384521363529083E-27 -2.129057939183319E-34 -2.8671958368709135E-42 -1.8523951477077928E-50 -1.3243217284887106E-58 -2.2942161772810648E-66 -1.0384766605745142E-72 -1.2522627958985407E-77 -2.2463595418432097E-80
 -1.227885769664963 -1.2278856301415517 -1.227884899428211 -1.2278827506776472 -1.227877978914959 -1.2278689892593976 -1.227853781233753 -1.2278299289299927 -1.2277945567353776 -1.2277443102590668 -1.2276753220357887 -1.227583171524483 -1.2274628388736634 -1.2273086519035445 -1.2271142257747558 -1.226872394901219 -1.226575136855459 -1.226213488356857 -1.2257774539916477 -1.2252559091684256 -1.224636500065585 -1.2239055450933313 -1.2230479448015776 -1.2220471103409791 -1.220884924629082 -1.219541755326069 -1.2179965445093463 -1.2162270062908504 -1.2142099700068824 -1.21192191211652 -1.209339723201495 -1.2064417555954114 -1.203209189859368 -1.199627741989052 -1.1956897054752875 -1.1913962815712555 -1.1867600975064145 -1.1818077488389275 -1.1765821351766081 -1.171144298587022 -1.1655744349363448 -1.1599717452830731 -1.1544528405561571 -1.149148515338321 -1.1441988630990036 -1.139746901018582 -1.1359310812530591 -1.1328772516270582 -1.1306907419277751 -1.1294490019848277 -1.1177230729434322 -1.058823207196755 -0.9089030898513094 -0.6095310626463292 -0.22378347020780703 -0.020688401175621828 -4.2990504366148245E-5 2.8453208967798436E-7 4.280318924239471E-11 3.944209259369419E-17 -5.3635372871565825E-21 -3.388440269391571E-27 -2.1325221078103843E-34 -2.872675647386854E-42 -1.8563119129770415E-50 -1.327328651606669E-58 -2.29975418556445E-66 -1.0408974866597642E-72 -1.2560433354061076E-77 -2.252347040857668E-80
 -1.2275835315789724 -1.2275833927472974 -1.2275826656566883 -1.2275805275589473 -1.227575779451699 -1.2275668343558692 -1.2275517016969665 -1.2275279675579287 -1.2274927705064764 -1.2274427726352616 -1.2273741253890007 -1.2272824296933873 -1.2271626898534306 -1.2270092606658167 -1.2268157872083711 -1.226575136855459 -1.2262793232566808 -1.225919422356042 -1.2254854810838833 -1.2249664202057208 -1.2243499340608667 -1.2236223916863504 -1.2227687462263094 -1.2217724626996628 -1.2206154782408642 -1.2192782138803313 -1.2177396627173386 -1.215977585698278 -1.2139688526095944 -1.211689971418308 -1.209117852375011 -1.2062308524639142 -1.203010138517276 -1.199441391031064 -1.1955168430111653 -1.1912376074644004 -1.1866161935777808 -1.1816790481011745 -1.1764688914723597 -1.1710465582563831 -1.1654920122834062 -1.1599042036075344 -1.1543994803367627 -1.1491083708002431 -1.1441707078996325 -1.1397292632073625 -1.1359222670826387 -1.1328753772988682 -1.1306937720430394 -1.1294547939822152 -1.1177541506909942 -1.0589634535884284 -0.9092331207432284 -0.6100160801493146 -0.224132757386918 -0.020750028172916396 -4.355036231356084E-5 2.8531654734110565E-7 4.299134018762147E-11 4.362054411428424E-17 -5.363323968220877E-21 -3.393229636190994E-27 -2.1367639259663132E-34 -2.879390218542268E-42 -1.8611130197000513E-50 -1.3310153544829236E-58 -2.3065455053744792E-66 -1.043865664201943E-72 -1.2606827560252772E-77 -2.2596917438360462E-80
 -1.2272158579155885 -1.2272157199208126 -1.2272149972131904 -1.2272128720038082 -1.2272081525162041 -1.2271992613311668 -1.2271842198550755 -1.2271606286782317 -1.2271256435247155 -1.2270759464299414 -1.2270077117172004 -1.226916566284267 -1.226797543662658 -1.2266450312877561 -1.2264527104344558 -1.226213488356857 -1.225919422356042 -1.2255616358369638 -1.2251302269669428 -1.224614171395901 -1.2240012217430837 -1.2232778083126731 -1.2224289479009475 -1.2214381707260104 -1.22028747955003 -1.2189573600144718 -1.2174268669971461 -1.2156738181662007 -1.2136751323155474 -1.2114073556104645 -1.2088474221848735 -1.2059736947430463 -1.2027673236041662 -1.1992139464099513 -1.1953057230755603 -1.191043659913681 -1.1864401233425843 -1.1815213800850192 -1.1763299337718087 -1.1709263678266688 -1.16539036519326 -1.1598205720236167 -1.1543330181625381 -1.1490579094660957 -1.1441347631990301 -1.139706053373511 -1.1359097415986951 -1.1328712553350681 -1.1306955890337961 -1.129459955471662 -1.117789933411307 -1.059131473514904 -0.9096312035210251 -0.6106025787341549 -0.22455582335584761 -0.02082480345276394 -4.423196484144831E-5 2.8626798304689626E-7 4.321997406440604E-11 4.871058457285471E-17 -5.36298778042954E-21 -3.399015695930519E-27 -2.1419006407390963E-34 -2.887528218764254E-42 -1.8669345509722717E-50 -1.3354869068815947E-58 -2.3147845650009324E-66 -1.0474658315354923E-72 -1.2663160702766845E-77 -2.2686053577654293E-80
 -1.226772607304714 -1.2267724703122686 -1.2267717528540327 -1.22676964308072 -1.2267649578701234 -1.2267561312526842 -1.2267411989839618 -1.2267177790294101 -1.2266830476609513 -1.2266337107991267 -1.226565970168681 -1.2264754837740814 -1.2263573201516992 -1.2262059058289618 -1.2260149654354492 -1.2257774539916477 -1.2254854810838833 -1.2251302269669428 -1.224701851183056 -1.2241893951290494 -1.2235806812421536 -1.2228622132278106 -1.2220190841467988 -1.2210349023427442 -1.2198917492261831 -1.2185701878804777 -1.217049347245359 -1.2153071130080506 -1.2133204627564166 -1.2110659885176078 -1.2085206531552423 -1.2056628263591271 -1.2024736388106871 -1.1989386769635583 -1.1950500133197734 -1.1908085265096897 -1.186226412026598 -1.1813297209928232 -1.1761606973212384 -1.170779623515318 -1.1652658458822413 -1.1597176462764384 -1.1542506729517292 -1.1489947450489603 -1.1440890012435265 -1.1396755585755813 -1.1358920561906664 -1.1328636451634628 -1.1306950994256961 -1.1294634758430037 -1.1178301700805297 -1.059330316612405 -0.9101062377370225 -0.6113045786988426 -0.2250632120023465 -0.020914671888865702 -4.505447448355008E-5 2.87410899719625E-7 4.3495250585401215E-11 5.4857168232950084E-17 -5.362471657364467E-21 -3.405933245505295E-27 -2.148059543757397E-34 -2.897295602948675E-42 -1.8739254824267988E-50 -1.3408585371569267E-58 -2.324684902199396E-66 -1.0517908255481594E-72 -1.2730923362449769E-77 -2.279320904351204E-80
 -1.2262424988249063 -1.2262423630219354 -1.2262416517931875 -1.2262395603379665 -1.2262349158041645 -1.2262261658095812 -1.2262113631381217 -1.2261881463745076 -1.2261537161750934 -1.2261048068053548 -1.2260376525080536 -1.225947948203068 -1.2258308039686627 -1.2256806927252923 -1.2254913905551754 -1.2252559091684256 -1.2249664202057208 -1.224614171395901 -1.2241893951290494 -1.223681210842946 -1.2230775238533313 -1.2223649250042125 -1.2215285979023553 -1.2205522436574292 -1.219418037080152 -1.218106633238018 -1.216597249061506 -1.214867851076668 -1.2128954867825565 -1.210656802790526 -1.2081287962350863 -1.2052898452865057 -1.2021210575193621 -1.1986079588363214 -1.1947425181836106 -1.1905254628151071 -1.1859687854788856 -1.1810982814617612 -1.1759558863913868 -1.1706015254764783 -1.1651141452157494 -1.1595915946936368 -1.1541490687396143 -1.1489159268729336 -1.1440308577031792 -1.13963555381193 -1.1358672708419796 -1.1328508311064164 -1.130690746188726 -1.1294638874455467 -1.11787421265729 -1.0595629030907902 -0.9106675032963333 -0.6121370340955582 -0.22566631877209455 -0.021021762903733413 -4.603934693900683E-5 2.887720436227255E-7 4.3823984930422436E-11 6.222317439126388E-17 -5.361697096611142E-21 -3.41412467093111E-27 -2.155377913461859E-34 -2.908915975413322E-42 -1.882248116013473E-50 -1.3472560499463077E-58 -2.3364800634608967E-66 -1.0569420236728888E-72 -1.281175598582316E-77 -2.2920939050835422E-80
 -1.225613012674378 -1.2256128782710751 -1.2256121743726196 -1.2256101044724643 -1.225605507803405 -1.2255968479716548 -1.225582197798514 -1.2255592201317202 -1.225525144321188 -1.2254767379865301 -1.2254102736354308 -1.225321489627667 -1.225205544926157 -1.2250569670454904 -1.2248695926172605 -1.224636500065585 -1.2243499340608667 -1.2240012217430837 -1.2235806812421536 -1.2230775238533313 -1.222479752450867 -1.221774060461059 -1.2209457380958042 -1.219978595698351 -1.2188549180781522 -1.2175554686570584 -1.2160595680453512 -1.2143452780597796 -1.2123897286592026 -1.2101696309065463 -1.2076620225095484 -1.204845291882679 -1.2017005196850374 -1.1982131608387267 -1.1943750626825198 -1.190186774546105 -1.1856600507345642 -1.1808203855175012 -1.1757093516550902 -1.1703864536594212 -1.164930167126855 -1.1594378312644673 -1.1540241065362597 -1.1488178106419171 -1.1439571014943505 -1.1395831710464858 -1.1358328225115854 -1.132830490271496 -1.1306803762893113 -1.129459132952661 -1.1179208818361512 -1.0598318849136632 -0.9113245262963874 -0.613115741308798 -0.2263773761430613 -0.021148398038698636 -4.7210589350956034E-5 2.903804673748374E-7 4.421369945897571E-11 7.099159187132722E-17 -5.360557724161206E-21 -3.423738455940446E-27 -2.1640026997802762E-34 -2.9226306569825704E-42 -1.8920783450503861E-50 -1.3548161350516034E-58 -2.350424334815972E-66 -1.0630295991895631E-72 -1.2907457960573261E-77 -2.3072034365372527E-80
 -1.2248702928031558 -1.2248701600339317 -1.2248694646934368 -1.22486741995836 -1.2248628791703821 -1.224854324601837 -1.2248398524673727 -1.2248171539413552 -1.2247834918731224 -1.2247356728230625 -1.224670013973306 -1.2245823044004087 -1.2244677601417572 -1.2243209724535848 -1.2241358486638977 -1.2239055450933313 -1.2236223916863504 -1.2232778083126731 -1.2228622132278106 -1.2223649250042125 -1.221774060461059 -1.2210764328495553 -1.220257456921437 -1.2193010706503875 -1.2181896873955588 -1.2169041972386516 -1.2154240420259525 -1.2137273950525444 -1.2117914828137401 -1.2095930919219786 -1.2071093077905905 -1.2043185311568536 -1.2012018116324778 -1.1977445216412672 -1.1939383668868916 -1.1897836892527802 -1.1852919648437756 -1.1804883365350695 -1.1754139533025893 -1.1701278281419265 -1.1647078862732112 -1.1592508707661146 -1.1538708171060216 -1.1486959090900163 -1.1438636835477555 -1.139514746364522 -1.1357853709657061 -1.132799537360337 -1.1306610847863347 -1.1294464090599467 -1.11796830722807 -1.0601394735972928 -0.9120869001742791 -0.6142572007880017 -0.227209414967259 -0.02129709634552612 -4.859504208483936E-5 2.9226755711228415E-7 4.467267548968197E-11 8.136794224674114E-17 -5.358911391405383E-21 -3.4349270435246923E-27 -2.1740898666968336E-34 -2.938698340209662E-42 -1.9036056743668098E-50 -1.3636865122635483E-58 -2.3667932074899485E-66 -1.0701726452366301E-72 -1.3019995832187473E-77 -2.324952959724951E-80
 -1.2239990585446551 -1.223998927669092 -1.223998242245986 -1.2239962266734576 -1.2239917506432687 -1.223983318059028 -1.2239690522447861 -1.223946677201444 -1.2239134945994964 -1.2238663561265532 -1.2238016307370318 -1.2237151662828096 -1.2236022449455803 -1.2234575318541793 -1.2232750162716687 -1.2230479448015776 -1.2227687462263092 -1.2224289479009475 -1.2220190841467988 -1.2215285979023553 -1.2209457380958042 -1.220257456921437 -1.2194493135625246 -1.2185053940355565 -1.217408260842751 -1.21613895105916 -1.2146770472842638 -1.2130008523078346 -1.2110877048556514 -1.2089144795001232 -1.2064583173928671 -1.203697634040917 -1.2006134435835982 -1.197191023340648 -1.193421915339246 -1.1893062214368046 -1.1848550955846992 -1.180093273494734 -1.175061412846455 -1.1698179565537223 -1.164440191213977 -1.159024167894952 -1.1536831963177265 -1.1485447238745114 -1.1437455656212291 -1.1394256461283058 -1.1357206227369742 -1.1327539469215055 -1.1306290358895025 -1.1294219868751977 -1.1180137417733884 -1.0604872320417173 -0.9129640553980918 -0.6155784217621324 -0.22817619452219906 -0.021470576483879552 -5.022267946467912E-5 2.944670082533403E-7 4.521000270568643E-11 9.358291863600377E-17 -5.3565706117281615E-21 -3.447843900340997E-27 -2.1858032903949204E-34 -2.957394187748937E-42 -1.9170328982922067E-50 -1.374025840535489E-58 -2.385883451384828E-66 -1.0784991096107127E-72 -1.3151509928057193E-77 -2.3456707941661858E-80
 -1.2229825354729897 -1.2229824067764127 -1.222981732765046 -1.2229797507492616 -1.2229753492345356 -1.2229670570151682 -1.222953028609564 -1.2229310257916503 -1.2228983949031262 -1.2228520395595336 -1.222788388290285 -1.2227033565817588 -1.222592302731289 -1.22244997687885 -1.2222704625797802 -1.2220471103409791 -1.2217724626996628 -1.2214381707260104 -1.2210349023427442 -1.2205522436574292 -1.219978595698351 -1.2193010706503875 -1.2185053940355565 -1.2175758224039192 -1.2164950901038416 -1.2152444036365348 -1.213803507907395 -1.212150855122552 -1.2102639136265214 -1.208119659749806 -1.2056952993854503 -1.2029692656864743 -1.1999225326489406 -1.19654026882203 -1.1928138285020648 -1.1887430378498216 -1.1843386804393685 -1.179625023534968 -1.17464215923408 -1.1694478738210445 -1.1641187179544925 -1.1587499448768274 -1.1534540271820807 -1.1483575624937982 -1.143596532636036 -1.1393100753439664 -1.1356331361976303 -1.1326885558569137 -1.1305792636645115 -1.1293810116138538 -1.1180533523522131 -1.0608758295114697 -0.9139649716413862 -0.6170966590216869 -0.22929209280836293 -0.021671754065124344 -5.212692075162251E-5 2.9701472996752585E-7 4.5835622584346343E-11 1.0789518564302863E-16 -5.353291177020559E-21 -3.4626396177657196E-27 -2.199313091215754E-34 -2.979008195127597E-42 -1.9325753139237893E-50 -1.3860032998803148E-58 -2.408012631610391E-66 -1.0881454660772318E-72 -1.3304318380577256E-77 -2.3697100651462003E-80
 -1.2218024197654155 -1.2218022935590766 -1.2218016325895422 -1.2217996889238471 -1.2217953725686117 -1.2217872407643417 -1.2217734836798035 -1.22175190625789 -1.2217199058931138 -1.221674445547754 -1.2216120218383494 -1.221528627550708 -1.2214197079766513 -1.2212801104203101 -1.2211040262131114 -1.220884924629082 -1.2206154782408642 -1.22028747955003 -1.2198917492261831 -1.219418037080152 -1.2188549180781522 -1.2181896873955588 -1.217408260842751 -1.2164950901038416 -1.2154331062223391 -1.2142037096992521 -1.2127868313814444 -1.2111610947714122 -1.2093041169737817 -1.2071929913264718 -1.2048049985046997 -1.2021185926817532 -1.1991147028604762 -1.1957783741532592 -1.1921007471078697 -1.1880813334587412 -1.1837304939146537 -1.179071960466538 -1.1741451785034742 -1.1690071830358921 -1.1637336822323063 -1.1584190155093956 -1.1531746961264062 -1.148126347402509 -1.1434089953637407 -1.139160874762885 -1.1355161140139977 -1.1325968522468066 -1.1305054583066866 -1.1293172874408514 -1.1180819916887796 -1.0613047615437605 -0.9150978279175273 -0.6188290705597171 -0.23057194727072566 -0.02190373235948812 -5.434493660827075E-5 2.999486532401747E-7 4.656036068206501E-11 1.2459423957777146E-16 -5.348758865657714E-21 -3.479456873264267E-27 -2.21479325764803E-34 -3.0038426011156793E-42 -1.9504593174248066E-50 -1.399797730355624E-58 -2.4335178572537103E-66 -1.0992560282791552E-72 -1.3480917186272973E-77 -2.3974478999364284E-80
 -1.2204388953052414 -1.2204387719259046 -1.220438125761835 -1.2204362256323233 -1.2204320059527298 -1.2204240562566037 -1.2204106071842524 -1.2203895126856705 -1.2203582281129083 -1.220313783802063 -1.2202527536671445 -1.2201712182515813 -1.2200647216140054 -1.219928221374864 -1.2197560312354347 -1.219541755326069 -1.2192782138803313 -1.2189573600144718 -1.2185701878804777 -1.2181066332380181 -1.2175554686570584 -1.2169041972386516 -1.21613895105916 -1.2152444036365348 -1.2142037096992521 -1.212998490464544 -1.211608888449542 -1.2100137223124893 -1.208190778845408 -1.2061172851405883 -1.2037706077946066 -1.201129225948671 -1.1981740186729032 -1.194889892078282 -1.1912677450928395 -1.1873067333491573 -1.1830167380485934 -1.1784208836396945 -1.1735578809139333 -1.1684839109145925 -1.163273723543012 -1.1580206181774725 -1.1528350156069762 -1.1478414290096903 -1.1431737947706814 -1.1389693176891697 -1.1353611936705265 -1.1324707609577133 -1.1303997482885754 -1.1292230576746811 -1.118092960935577 -1.0617720404029664 -0.9163695887972847 -0.6207922852721912 -0.23203083480710726 -0.022169783974393314 -5.691792780579109E-5 3.0330841136240165E-7 4.739594053015998E-11 1.4400316139708772E-16 -5.342574280383945E-21 -3.498424076905607E-27 -2.2324184018225333E-34 -3.032208087969979E-42 -1.9709201974869216E-50 -1.4155961845527268E-58 -2.4627534968852145E-66 -1.1119817894350122E-72 -1.3683974489774494E-77 -2.429283584400322E-80
 -1.2188707285393471 -1.2188706083481306 -1.2188699788807886 -1.2188681278487816 -1.2188640171942148 -1.2188562728688783 -1.2188431711546812 -1.2188226212693957 -1.2187921439271947 -1.2187488454463955 -1.2186893869162105 -1.2186099478541843 -1.2185061837125577 -1.218373176536051 -1.2182053780518478 -1.2179965445093463 -1.2177396627173386 -1.2174268669971461 -1.217049347245359 -1.216597249061506 -1.2160595680453512 -1.2154240420259525 -1.2146770472842638 -1.213803507907395 -1.2127868313814444 -1.211608888449542 -1.21025006108386 -1.2086893889153402 -1.206904851134702 -1.204873826855037 -1.2025737808813476 -1.1999832219244568 -1.1970829742066908 -1.1938577885232521 -1.1902982926402003 -1.1864032416800103 -1.182181976778393 -1.1776569373839398 -1.172866005299208 -1.1678643971125877 -1.1627257796901813 -1.157542276149677 -1.1524230709068326 -1.1474914199727623 -1.1428800250326411 -1.1387249231510803 -1.1351582524207173 -1.1323004421523314 -1.1302524943309424 -1.1290887962071922 -1.1180777779007537 -1.062273866915636 -0.9177855288767571 -0.6230018713470885 -0.23368377880515256 -0.022473320518422858 -5.9891341343406956E-5 3.0713485491733594E-7 4.8354969211262185E-11 1.664810019009347E-16 -5.334236059989499E-21 -3.519647547774708E-27 -2.2523594715977772E-34 -3.064418472893821E-42 -1.9941989038195714E-50 -1.4335917187371178E-58 -2.496087532528006E-66 -1.126478645366504E-72 -1.391631672847988E-77 -2.465635315101329E-80
